344
2640
196
445
2234
2197
2385
526
1976
180
489
2080
238
2211
1840
358
2113
1735
119
2604
2109
2534
597
557
108
133
2403
340
227
2393
280
351
2094
116
1923
2649
331
1958
2399
2177
2629
23
1927
480
543
311
2074
1798
1826
1961
20
2151
2410
2585
2084
2343
2203
605
350
2233
2030
2355
2267
285
573
544
1834
140
188
145
2227
8
2185
2164
268
2374
84
2239
354
1848
2031
2402
66
362
2059
611
33
99
394
2397
2454
2479
135
2592
191
2647
186
1759
2431
2608
1947
2321
78
1749
2533
2455
425
589
1945
608
2044
2087
615
454
1841
2213
290
2048
1854
1911
1744
610
68
2252
559
538
329
522
236
163
614
1738
1710
2401
542
2612
2672
2065
2480
2026
