2318
2279
2326
2109
2132
419
236
452
2098
2255
305
1891
2165
434
2536
186
2388
2179
2624
634
2103
2633
2032
2133
2422
2059
2237
2201
188
2447
2587
205
33
84
120
516
517
481
48
364
342
603
290
558
1960
2395
2646
368
2591
2113
2408
191
153
433
1740
482
2461
1756
2250
175
43
1775
2697
600
551
2272
2559
2400
65
294
2110
2018
2319
128
321
2050
1910
534
2700
241
1778
497
161
109
317
2334
471
2090
2604
2641
267
324
78
1928
2301
2217
122
2466
2080
2376
2553
2285
2210
1780
2485
2347
145
2665
2192
1979
2156
2313
2442
393
1961
2195
2389
335
1943
2257
55
2325
2214
1917
480
454
2521
151
80
2450
2500
86
2401
1885
495
406
1757
2295
190
2335
