156
457
2683
446
3105
2386
596
3322
450
354
392
8
108
331
224
472
34
2525
3238
3161
2326
2791
588
2573
589
530
3210
2523
3169
578
95
115
2642
2344
3139
413
2505
3074
341
2776
101
2414
3237
2934
3218
2428
84
3274
2555
485
159
278
391
214
117
3004
3053
610
2370
360
2844
2544
3220
548
2989
423
2919
3255
2748
409
3298
3082
184
2595
614
426
2792
2343
2524
3320
160
2405
3003
606
83
162
2772
99
3159
2623
3138
2729
3067
383
3010
87
100
131
2390
2461
3070
2955
3025
2744
3120
2567
306
2925
2417
324
13
80
2627
106
509
499
201
3094
573
474
