0	1
1	1
2	1
3	1
4	1
5	1
6	1
7	1
8	1
9	1
10	1
11	1
12	1
13	1
14	1
15	1
16	1
17	1
18	1
19	1
20	1
21	1
22	1
23	1
24	1
25	1
26	1
27	1
28	1
29	1
30	1
31	1
32	1
33	1
34	1
35	1
36	1
37	1
38	1
39	1
40	1
41	1
42	1
43	1
44	1
45	1
46	1
47	1
48	1
49	1
398	1
399	1
400	1
401	1
402	1
403	1
404	1
405	1
406	1
407	1
408	1
409	1
410	1
888	1
889	1
890	1
891	1
892	1
893	1
894	1
895	1
896	1
897	1
898	1
899	1
900	1
901	1
902	1
903	1
904	1
905	1
906	1
907	1
908	1
909	1
910	1
911	1
912	1
913	1
914	1
915	1
916	1
917	1
918	1
919	1
920	1
921	1
922	1
923	1
924	1
925	1
926	1
927	1
928	1
929	1
930	1
931	1
932	1
933	1
934	1
935	1
936	1
937	1
938	1
939	1
940	1
941	1
942	1
943	1
944	1
945	1
946	1
947	1
948	1
949	1
950	1
951	1
952	1
953	1
954	1
955	1
956	1
957	1
958	1
959	1
960	1
961	1
962	1
1092	1
1093	1
1094	1
1095	1
1096	1
1097	1
1098	1
1099	1
1100	1
1101	1
1102	1
1103	1
1104	1
1105	1
1106	1
1107	1
1108	1
1109	1
1110	1
1111	1
1112	1
1113	1
1114	1
1115	1
1116	1
1117	1
1118	1
1119	1
1120	1
1121	1
1122	1
1123	1
1124	1
1125	1
1126	1
1127	1
1128	1
1129	1
1130	1
1131	1
1277	0
1278	0
1279	0
1280	0
1281	0
1282	0
1283	0
1284	0
1285	0
1286	1
1287	1
1288	1
1289	1
1290	1
1291	1
1292	1
1293	1
1294	1
1295	1
1296	1
1297	1
1298	1
1299	1
1300	1
1301	1
1302	1
1303	1
1304	1
1305	1
1306	1
1307	1
1308	1
1309	1
1310	1
1311	1
1312	1
1313	1
1314	1
1315	1
1316	1
1317	1
1318	1
1319	1
1320	1
1321	1
1322	1
1323	1
1324	1
1325	1
1326	1
1327	1
1328	1
1329	1
1330	1
1331	1
1332	1
1333	1
1334	1
1335	1
1336	1
1337	1
1338	1
1536	1
1537	1
1538	1
1539	1
1540	1
1541	1
1542	1
1543	1
1544	1
1545	1
1546	1
1547	1
1548	1
1549	1
1550	1
1551	1
1552	1
1553	1
1554	1
1555	1
1556	1
1557	1
1558	1
1559	1
1560	1
1561	1
1562	1
1563	1
1564	1
1565	1
1566	1
1567	1
1568	1
1569	1
1570	1
1778	0
1779	1
1780	1
1781	1
1782	1
1783	1
1784	1
1785	1
1786	1
1787	1
1788	1
1789	1
1790	1
1791	1
1792	1
1793	1
1794	1
1795	1
1796	1
1797	1
1798	1
1799	1
1800	1
1801	1
1802	1
1803	1
1804	1
1805	1
1806	1
1807	1
1808	1
1809	1
1810	1
1811	1
1812	1
1813	1
1814	1
1815	1
1816	1
1817	1
1818	1
1819	1
1820	1
1821	1
1822	1
1823	1
1824	1
1825	1
1826	1
1827	1
1828	1
1829	1
1830	1
1831	1
1832	1
1833	1
1834	1
1835	1
1836	1
1837	1
1978	1
1979	1
1980	1
1981	1
1982	1
1983	1
1984	1
1985	1
1986	1
1987	1
1988	1
1989	1
1990	1
1991	1
1992	1
1993	1
1994	1
1995	1
1996	1
1997	1
1998	1
1999	1
2000	1
2001	1
2002	1
2003	1
2004	1
2005	1
2006	1
2007	1
2008	1
2009	1
2010	1
2011	1
2012	1
2013	1
2014	1
2015	1
2016	1
2017	1
2018	1
2019	1
2020	1
2189	0
2190	0
2191	1
2192	1
2193	1
2194	1
2195	1
2196	1
2197	1
2198	1
2199	1
2200	1
2201	1
2202	1
2203	1
2204	1
2205	1
2206	1
2207	1
2208	1
2209	1
2210	1
2211	1
2212	1
2213	1
2214	1
2215	1
2216	1
2217	1
2218	1
2219	1
2220	1
2221	1
2222	1
2223	1
2224	1
2225	1
2226	1
2227	1
2228	1
2334	0
2335	1
2336	1
2337	1
2338	1
2339	1
2340	1
2341	1
2342	1
2343	1
2344	1
2345	1
2346	1
2347	1
2348	1
2349	1
2350	1
2351	1
2352	1
2353	1
2354	1
2355	1
2356	1
2357	1
2358	1
2359	1
2360	1
2361	1
2362	1
2363	1
2364	1
2467	0
2468	0
2469	0
2470	0
2471	0
2472	0
2473	0
2474	0
2475	0
2476	0
2477	0
2478	0
2479	0
2480	0
2481	0
2482	0
2483	0
2484	0
2485	0
2486	0
2487	0
2488	0
2489	0
2490	0
2491	0
2492	0
2493	0
2494	0
2495	0
2496	0
2497	0
2498	0
2499	0
2500	0
2501	0
2502	0
2503	0
2504	0
2505	0
2506	0
2507	1
2508	1
2509	1
2510	1
2511	1
2512	1
2513	1
2514	1
2515	1
2516	1
2517	1
2518	1
2519	1
2520	1
2521	1
2522	1
2523	1
2524	1
2525	1
2526	1
2527	1
2528	1
2529	1
2530	1
2531	1
2532	1
2533	1
2534	1
2535	1
2536	1
2537	1
2538	1
2539	1
2540	1
2541	1
2542	1
2644	1
2645	1
2646	1
2647	1
2648	1
2649	1
2650	1
2651	1
2652	1
2653	1
2654	1
2655	1
2656	1
2657	1
2658	1
2659	1
2660	1
2661	1
2662	1
2663	1
2664	1
2665	1
2666	1
2785	0
2786	0
2787	0
2788	0
2789	0
2790	1
2791	1
2792	1
2793	1
2794	1
2795	1
2796	1
2797	1
2798	1
2799	1
2800	1
2801	1
2802	1
2803	1
2804	1
2805	1
2806	1
2807	1
2808	1
2809	1
2810	1
2811	1
2812	1
2813	1
2814	1
2815	1
2816	1
2817	1
2818	1
2819	1
2820	1
2821	1
2975	0
2976	0
2977	0
2978	0
2979	0
2980	0
2981	0
2982	1
2983	1
2984	1
2985	1
2986	1
2987	1
2988	1
2989	1
2990	1
2991	1
2992	1
2993	1
2994	1
2995	1
2996	1
2997	1
2998	1
2999	1
3000	1
3001	1
3002	1
3156	0
3157	0
3158	0
3159	0
3160	0
3161	0
3162	0
3163	0
3164	0
3165	0
3166	0
3167	0
3168	0
3169	0
3170	0
3171	0
3172	0
3173	0
3174	0
3175	0
3176	0
3177	0
3178	0
3179	0
3180	0
3181	0
3182	0
3183	0
3184	0
3185	0
3186	0
3187	0
3188	0
3189	0
3190	0
3191	1
3192	1
3193	1
3194	1
3195	1
3196	1
3197	1
3198	1
3199	1
3200	1
3201	1
3202	1
3203	1
3204	1
3205	1
3206	1
3207	1
3208	1
3209	1
3210	1
3211	1
3212	1
3213	1
3214	1
3215	1
3216	1
3320	1
3321	1
3322	1
3323	1
3324	1
3557	0
3558	0
3559	0
3560	0
3561	0
3562	0
3563	0
3564	0
3565	0
3566	0
3567	0
3568	0
3569	0
3570	0
3571	0
3572	0
3573	0
3574	1
3575	1
3576	1
3577	1
3578	1
3579	1
3580	1
3581	1
3582	1
3583	1
3584	1
3585	1
3586	1
3587	1
3588	1
3589	1
3590	1
3591	1
3592	1
3593	1
3594	1
3595	1
3596	1
3597	1
3598	1
3701	0
3702	0
3703	0
3704	1
3705	1
3706	1
3707	1
3708	1
3709	1
3710	1
3711	1
3712	1
3713	1
3714	1
3715	1
3716	1
3717	1
3718	1
3719	1
3720	1
3721	1
3835	0
3836	0
3837	0
3838	0
3839	0
3840	0
3841	0
3842	0
3843	0
3844	1
3845	1
3846	1
3847	1
3848	1
3849	1
3850	1
3851	1
3852	1
3853	1
3854	1
3855	1
3856	1
3857	1
4002	0
4003	1
4004	1
4005	1
4006	1
4007	1
4008	1
4009	1
4010	1
4011	1
4012	1
4013	1
4014	1
4015	1
4016	1
4017	1
4018	1
4019	1
4172	0
4173	0
4174	0
4175	1
4176	1
4177	1
4178	1
4179	1
4180	1
4181	1
4182	1
4183	1
4184	1
4185	1
4186	1
4187	1
4188	1
4189	1
4190	1
4191	1
4192	1
4193	1
4194	1
4195	1
4196	1
4197	1
4198	1
4199	1
4200	1
4201	1
4202	1
4360	0
4361	0
4362	0
4363	0
4364	0
4365	0
4366	0
4367	0
4368	0
4369	1
4370	1
4371	1
4372	1
4373	1
4374	1
4375	1
4376	1
4377	1
4378	1
4379	1
4380	1
4381	1
4382	1
4542	0
4543	0
4544	0
4545	0
4546	0
4547	0
4548	0
4549	0
4550	0
4551	0
4552	0
4553	0
4554	0
4555	0
4556	0
4557	0
4558	0
4559	0
4560	0
4561	0
4562	1
4563	1
4564	1
4565	1
4566	1
4567	1
4568	1
4569	1
4570	1
4571	1
4572	1
4573	1
4574	1
4575	1
4576	1
4577	1
4578	1
4579	1
4686	1
4687	1
4688	1
4689	1
4810	1
4811	1
4812	1
4813	1
4814	1
4815	1
4816	1
4817	1
4818	1
4819	1
4820	1
4821	1
4822	1
4823	1
4824	1
4825	1
4826	1
4827	1
4828	1
4829	1
4830	1
4831	1
4832	1
4833	1
4919	0
4920	0
4921	0
4922	0
4923	1
4924	1
4925	1
4926	1
4927	1
4928	1
4929	1
4930	1
4931	1
4932	1
4933	1
4934	1
4935	1
4936	1
4937	1
5035	0
5036	0
5037	0
5038	0
5039	0
5040	0
5041	0
5042	0
5043	1
5044	1
5045	1
5046	1
5047	1
5048	1
5049	1
5050	1
5051	1
5052	1
5053	1
5054	1
5055	1
5056	1
5057	1
5058	1
5059	1
5060	1
5061	1
5062	1
5063	1
5064	1
5065	1
5136	0
5137	1
5138	1
5139	1
5140	1
5141	1
5142	1
5143	1
5144	1
5145	1
5146	1
5147	1
5227	0
5228	1
5229	1
5230	1
5231	1
5232	1
5233	1
5234	1
5235	1
5236	1
5237	1
5238	1
5239	1
5240	1
5241	1
5242	1
5243	1
5244	1
5245	1
5246	1
5247	1
5248	1
5249	1
5250	1
5251	1
5343	0
5344	0
5345	1
5346	1
5347	1
5348	1
5349	1
5350	1
5351	1
5352	1
5353	1
5354	1
5355	1
5356	1
5522	0
5523	0
5524	0
5525	0
5526	0
5527	0
5528	0
5529	0
5530	0
5531	0
5532	0
5533	0
5534	1
5535	1
5536	1
5537	1
5538	1
5539	1
5540	1
5541	1
5542	1
5543	1
5544	1
5545	1
5546	1
5547	1
5548	1
5549	1
5550	1
5640	1
5641	1
5642	1
5643	1
5644	1
5645	1
5646	1
5647	1
5648	1
5649	1
5650	1
5651	1
5652	1
5653	1
5654	1
5655	1
5656	1
5657	1
5658	1
5659	1
5756	0
5757	1
5758	1
5759	1
5760	1
5761	1
5762	1
5763	1
5764	1
5765	1
5766	1
5859	1
5860	1
5861	1
5862	1
5863	1
5864	1
5865	1
5866	1
5867	1
5868	1
5869	1
5870	1
5871	1
5961	0
5962	1
5963	1
5964	1
5965	1
5966	1
5967	1
5968	1
5969	1
5970	1
5971	1
5972	1
5973	1
5974	1
5975	1
5976	1
5977	1
5978	1
5979	1
5980	1
5981	1
6038	1
6039	1
6040	1
6041	1
6042	1
6043	1
6044	1
6045	1
6046	1
6047	1
6048	1
6049	1
6050	1
6051	1
6052	1
6053	1
6054	1
6114	1
6115	1
6116	1
6117	1
6118	1
6119	1
6120	1
6121	1
6122	1
6123	1
6124	1
6125	1
6126	1
6127	1
6128	1
6129	1
6201	0
6202	1
6203	1
6204	1
6205	1
6206	1
6207	1
6208	1
6209	1
6210	1
6211	1
6212	1
6213	1
6214	1
6215	1
6216	1
6217	1
6292	0
6293	0
6294	0
6295	1
6296	1
6297	1
6298	1
6299	1
6300	1
6301	1
6302	1
6303	1
6304	1
6305	1
6306	1
6307	1
6308	1
6309	1
6310	1
6311	1
6312	1
6313	1
6314	1
6339	1
6340	1
6341	1
6342	1
6343	1
6344	1
6345	1
6346	1
6347	1
6348	1
6349	1
6350	1
6351	1
6352	1
6353	1
6354	1
6355	1
6356	1
6357	1
6358	1
6359	1
6386	0
6387	0
6388	1
6389	1
6390	1
6391	1
6392	1
6393	1
6394	1
6395	1
6396	1
6397	1
6398	1
6399	1
6400	1
6401	1
6469	1
6470	1
6471	1
6472	1
6473	1
6474	1
6475	1
6476	1
6477	1
6478	1
6479	1
6480	1
6481	1
6549	1
6550	1
6551	1
6552	1
6553	1
6554	1
6555	1
6556	1
6557	1
6641	1
6642	1
6643	1
6644	1
6645	1
6646	1
6647	1
6648	1
6649	1
6650	1
6651	1
6652	1
6653	1
6654	1
6655	1
6656	1
6657	1
6658	1
6659	1
6660	1
6661	1
6662	1
6663	1
6664	1
6665	1
6767	0
6768	0
6769	0
6770	0
6771	0
6772	0
6773	0
6774	1
6775	1
6776	1
6777	1
6778	1
6779	1
6780	1
6781	1
6782	1
6783	1
6784	1
6785	1
6786	1
6787	1
6788	1
6789	1
6790	1
6791	1
6792	1
6793	1
6794	1
6835	1
6836	1
6837	1
6838	1
6839	1
6840	1
6841	1
6842	1
6843	1
6844	1
6845	1
6846	1
6847	1
6848	1
6894	1
6895	1
6896	1
6897	1
6898	1
6899	1
6900	1
6901	1
6902	1
6903	1
6904	1
6905	1
6906	1
6907	1
6968	1
6969	1
6970	1
6971	1
6972	1
6973	1
6974	1
6975	1
6976	1
6977	1
6978	1
6979	1
6980	1
7055	0
7056	0
7057	0
7058	0
7059	1
7060	1
7061	1
7062	1
7063	1
7064	1
7151	1
7152	1
7153	1
7248	0
7249	1
7250	1
7251	1
7252	1
7253	1
7254	1
7255	1
7371	0
7372	0
7373	1
7374	1
7375	1
7376	1
7377	1
7378	1
7379	1
7380	1
7381	1
7382	1
7383	1
7486	0
7487	0
7488	0
7489	0
7490	0
7491	0
7492	1
7493	1
7494	1
7495	1
7496	1
7497	1
7498	1
7499	1
7500	1
7501	1
7502	1
7503	1
7572	1
7573	1
7574	1
7575	1
7576	1
7577	1
7578	1
7628	1
7629	1
7630	1
7631	1
7632	1
7633	1
7634	1
7635	1
7636	1
7637	1
7638	1
7639	1
7640	1
7641	1
7642	1
7681	1
7682	1
7683	1
7684	1
7724	0
7725	1
7726	1
7727	1
7728	1
7729	1
7730	1
7731	1
7732	1
7733	1
7734	1
7797	1
7798	1
7799	1
7800	1
7851	0
7852	1
7853	1
7854	1
7855	1
7856	1
7857	1
7858	1
7859	1
7860	1
7933	1
7934	1
7935	1
7936	1
7937	1
7938	1
7939	1
7940	1
8022	0
8023	0
8024	0
8025	0
8026	0
8027	0
8028	0
8029	0
8030	0
8031	0
8032	0
8033	0
8034	0
8035	0
8036	0
8037	0
8038	0
8039	0
8040	0
8041	0
8042	0
8043	0
8044	0
8045	1
8046	1
8047	1
8048	1
8049	1
8050	1
8051	1
8099	1
8100	1
8101	1
8102	1
8136	0
8137	1
8138	1
8139	1
8140	1
8141	1
8142	1
8143	1
8144	1
8195	1
8196	1
8197	1
8198	1
8199	1
8200	1
8201	1
8202	1
8257	1
8258	1
8259	1
8474	0
8475	0
8476	1
8477	1
8478	1
8479	1
8480	1
8481	1
8535	1
8536	1
8537	1
8538	1
8593	0
8594	1
8595	1
8596	1
8597	1
8598	1
8599	1
8600	1
8601	1
8667	0
8668	1
8669	1
8686	0
8687	0
8688	0
8689	0
8690	0
8691	1
8692	1
8693	1
8694	1
8695	1
8696	1
8751	0
8752	1
8753	1
8754	1
8814	0
8815	0
8816	1
8817	1
8818	1
8819	1
8820	1
8821	1
8822	1
8823	1
8824	1
8825	1
8849	1
8850	1
8851	1
8852	1
8853	1
8854	1
8855	1
8856	1
8857	1
8858	1
8859	1
8860	1
8887	0
8888	0
8889	0
8890	1
8891	1
8892	1
8893	1
8894	1
8895	1
8896	1
8897	1
8898	1
8899	1
8900	1
8901	1
8940	1
8941	1
8942	1
8943	1
8944	1
8945	1
8946	1
8947	1
8948	1
8949	1
9007	0
9008	0
9009	1
9010	1
9011	1
9012	1
9013	1
9014	1
9015	1
9016	1
9017	1
9018	1
9055	1
9056	1
9057	1
9058	1
9059	1
9060	1
9061	1
9097	0
9098	0
9099	1
9100	1
9101	1
9102	1
9103	1
9162	1
9163	1
9228	1
9229	1
9230	1
9231	1
9232	1
9287	0
9288	1
9289	1
9349	1
9350	1
9351	1
9352	1
9353	1
9354	1
9408	0
9409	0
9410	1
9411	1
9412	1
9413	1
9471	0
9472	1
9536	0
9537	0
9538	0
9539	0
9540	0
9541	0
9542	0
9543	0
9544	0
9545	0
9546	0
9547	0
9548	0
9549	0
9550	0
9551	0
9552	0
9553	0
9554	0
9555	1
9556	1
9557	1
9558	1
9559	1
9560	1
9561	1
9562	1
9594	1
9595	1
9596	1
9597	1
9598	1
9599	1
9600	1
9601	1
9602	1
9603	1
9633	1
9634	1
9635	1
9636	1
9686	0
9687	1
9688	1
9743	0
9744	0
9745	0
9746	0
9747	0
9748	0
9749	1
9750	1
9751	1
9752	1
9753	1
9754	1
9755	1
9756	1
9757	1
9796	0
9797	1
9798	1
9799	1
9848	0
9849	1
9850	1
9870	1
9871	1
9889	0
9890	0
9891	0
9892	0
9893	1
9894	1
9895	1
9896	1
9897	1
9898	1
9945	1
9946	1
9947	1
9948	1
9949	1
9950	1
9951	1
9998	0
9999	1
10000	1
10001	1
10002	1
10046	1
10047	1
10048	1
10049	1
10050	1
10051	1
10095	0
10096	0
10097	0
10098	1
10099	1
10100	1
10101	1
10102	1
10103	1
10104	1
10105	1
10152	1
10153	1
10154	1
10155	1
10156	1
10192	1
10193	1
10194	1
10195	1
10244	1
10245	1
10246	1
10297	0
10298	0
10299	0
10300	0
10301	1
10302	1
10303	1
10304	1
10305	1
10347	1
10348	1
10349	1
10394	0
10395	0
10396	1
10397	1
10398	1
10399	1
10400	1
10401	1
10402	1
10429	1
10452	0
10453	0
10454	0
10455	0
10456	0
10457	0
10458	0
10459	0
10460	0
10461	1
10462	1
10463	1
10464	1
10465	1
10466	1
10467	1
10468	1
10469	1
10492	0
10493	1
10494	1
10495	1
10496	1
10497	1
10498	1
10499	1
10500	1
10501	1
10502	1
10503	1
10526	0
10527	1
10528	1
10529	1
10530	1
10531	1
10532	1
10533	1
10534	1
10535	1
10536	1
10537	1
10556	1
10557	1
10558	1
10559	1
10560	1
10561	1
10580	0
10581	1
10582	1
10583	1
10584	1
10585	1
10586	1
10607	1
10608	1
10609	1
10610	1
10611	1
10612	1
10634	1
10635	1
10636	1
10684	1
10685	1
10686	1
10687	1
10688	1
10689	1
10736	1
10737	1
10738	1
10739	1
10740	1
10741	1
10742	1
10800	0
10801	0
10802	0
10803	0
10804	1
10805	1
10806	1
10807	1
10808	1
10898	0
10899	0
10900	0
10901	0
10902	0
10903	0
10904	0
10905	0
10906	0
10907	0
10908	0
10909	0
10910	0
10911	1
10912	1
10913	1
10914	1
10915	1
10916	1
10917	1
10937	1
10938	1
10939	1
10940	1
10941	1
10961	1
10962	1
10963	1
10964	1
10965	1
10966	1
10967	1
10968	1
10969	1
10970	1
10971	1
10983	1
10984	1
10985	1
10997	0
10998	0
10999	1
11000	1
11001	1
11002	1
11003	1
11038	1
11039	1
11077	0
11078	1
11079	1
11080	1
11081	1
11082	1
11083	1
11112	1
11113	1
11114	1
11115	1
11143	0
11144	1
11145	1
11146	1
11147	1
11148	1
11171	1
11172	1
11173	1
11174	1
11175	1
11195	0
11196	0
11197	0
11198	1
11199	1
11200	1
11201	1
11272	1
11273	1
11274	1
11309	1
11310	1
11346	0
11347	0
11348	0
11349	1
11350	1
11376	1
11446	1
11447	1
11489	1
11490	1
11491	1
11492	1
11493	1
11494	1
11519	1
11520	1
11521	1
11550	0
11551	0
11552	0
11553	0
11554	0
11555	0
11556	0
11557	0
11558	1
11559	1
11560	1
11620	0
11621	1
11682	0
11683	1
11684	1
11747	1
11748	1
11749	1
11750	1
11751	1
11752	1
11753	1
11754	1
11764	1
11765	1
11766	1
11767	1
11768	1
11780	1
11781	1
11782	1
11783	1
11784	1
11817	1
11818	1
11819	1
11820	1
11853	1
11854	1
11855	1
11896	1
11897	1
11898	1
11941	0
11942	0
11943	0
11944	0
11945	1
11946	1
11947	1
11948	1
11949	1
11963	1
11964	1
11965	1
12041	1
12042	1
12043	1
12044	1
12045	1
12065	0
12066	1
12092	1
12120	1
12149	1
12150	1
12194	1
12195	1
12196	1
12197	1
12237	0
12356	1
12357	1
12358	1
12359	1
12360	1
12361	1
12362	1
12381	1
12382	1
12383	1
12401	0
12402	0
12403	0
12404	1
12405	1
12406	1
12407	1
12459	1
12460	1
12461	1
12462	1
12491	1
12492	1
12493	1
12518	0
12519	0
12520	0
12521	1
12522	1
12552	1
12576	0
12577	0
12578	0
12579	0
12580	1
12581	1
12622	1
12623	1
12624	1
12660	1
12661	1
12712	0
12713	0
12714	1
12715	1
12716	1
12777	0
12778	0
12779	0
12780	0
12781	0
12782	0
12783	0
12784	0
12785	1
12786	1
12787	1
12788	1
12789	1
12810	1
12811	1
12845	0
12846	1
12886	1
12927	0
12928	0
12929	0
12930	0
12931	1
12932	1
12933	1
12951	0
12952	1
12953	1
12980	0
12981	0
12982	0
12983	0
12984	0
12985	0
12986	1
12987	1
12988	1
12989	1
13023	0
13024	1
13025	1
13026	1
13058	0
13059	0
13060	1
13061	1
13062	1
13063	1
13064	1
13089	0
13090	1
13091	1
13092	1
13093	1
13094	1
13118	0
13119	1
13120	1
13121	1
13137	1
13138	1
13139	1
13140	1
13141	1
13154	0
13155	1
13156	1
13188	1
13189	1
13224	0
13225	1
13251	0
13252	1
13253	1
13281	0
13282	0
13283	0
13284	0
13285	0
13286	1
13287	1
13288	1
13289	1
13320	1
13321	1
13383	0
13384	0
13385	0
13386	0
13387	0
13388	0
13389	1
13390	1
13469	0
13470	0
13471	0
13472	0
13473	0
13474	0
13475	0
13476	0
13477	0
13478	0
13479	0
13480	0
13481	1
13482	1
13483	1
13513	1
13545	0
13546	0
13547	1
13548	1
13549	1
13569	1
13570	1
13571	1
13572	1
13573	1
13594	1
13595	1
13596	1
13616	1
13639	1
13640	1
13641	1
13642	1
13691	1
13706	1
13718	0
13719	0
13720	0
13721	1
13722	1
13723	1
13724	1
13725	1
13740	1
13741	1
13751	1
13752	1
13753	1
13754	1
13755	1
13773	0
13774	0
13775	1
13776	1
13777	1
13778	1
13797	0
13798	0
13799	1
13824	1
13849	1
13850	1
13879	1
13915	0
13916	0
13917	0
13918	0
13919	0
13946	1
13971	0
13972	0
13973	0
13974	1
14010	1
14046	0
14047	1
14048	1
14049	1
14050	1
14065	1
14066	1
14067	1
14083	1
14106	1
14132	1
14133	1
14161	0
14162	1
14163	1
14194	1
14195	1
14196	1
14197	1
14214	1
14215	1
14216	1
14217	1
14234	1
14235	1
14236	1
14237	1
14246	1
14247	1
14255	0
14256	0
14257	0
14258	0
14259	0
14260	0
14261	1
14262	1
14263	1
14274	1
14275	1
14276	1
14289	1
14290	1
14291	1
14292	1
14309	0
14310	0
14311	1
14312	1
14313	1
14314	1
14315	1
14316	1
14317	1
14331	0
14332	0
14333	1
14397	0
14398	0
14399	1
14400	1
14401	1
14431	1
14524	0
14604	0
14605	1
14623	1
14643	0
14644	1
14645	1
14646	1
14647	1
14648	1
14649	1
14650	1
14662	0
14663	1
14664	1
14665	1
14666	1
14667	1
14678	1
14692	1
14708	1
14709	1
14733	1
14758	1
14774	1
14793	1
14807	1
14822	0
14823	0
14824	1
14825	1
14826	1
14827	1
14828	1
14853	0
14854	0
14855	0
14856	0
14857	1
14858	1
14859	1
14860	1
14861	1
14862	1
14863	1
14888	1
14889	1
14927	0
14928	0
14929	1
14970	0
14971	0
14972	0
14973	0
14974	1
15008	0
15009	0
15010	0
15011	1
15012	1
15013	1
15014	1
15032	1
15033	1
15034	1
15055	1
15056	1
15080	0
15081	1
15082	1
15083	1
15084	1
15085	1
15086	1
15087	1
15088	1
15089	1
15095	1
15096	1
15097	1
15098	1
15099	1
15100	1
15101	1
15102	1
15103	1
15104	1
15105	1
15106	1
15107	1
15108	1
15109	1
15110	1
15111	1
15112	1
15113	1
15114	1
15115	1
15116	1
15117	1
15118	1
15119	1
15120	1
15121	1
15122	1
15123	1
15124	1
15125	1
15126	1
15127	1
15128	1
15129	1
15130	1
15131	1
15132	1
15133	1
15134	1
15135	1
15136	1
15137	1
15138	1
15139	1
15140	1
15141	1
15142	1
15143	1
15144	1
15145	1
15146	1
15147	1
15148	1
15149	1
15150	1
15151	1
15152	1
15153	1
15154	1
15155	1
15156	1
15157	1
15158	1
15159	1
15160	1
15161	1
15162	1
15163	1
15164	1
15165	1
15166	1
15167	1
15168	1
15169	1
15170	1
15171	1
15172	1
15173	1
15253	0
15274	1
15275	1
15296	1
15297	1
15315	1
15354	1
15374	1
15375	1
15376	1
15377	1
15395	0
15396	0
15397	1
15398	1
15399	1
15400	1
15414	1
15415	1
15434	1
15435	1
15448	1
15449	1
15463	0
15464	1
15465	1
15499	1
15500	1
15518	1
15519	1
15520	1
15558	0
15559	1
15591	0
15592	1
15593	1
15622	0
15623	0
15624	1
15648	0
15672	0
15673	1
15674	1
15693	1
15712	0
15713	1
15714	1
15715	1
15716	1
15717	1
15718	1
15719	1
15730	1
15731	1
15732	1
15733	1
15734	1
15735	1
15750	1
15751	1
15752	1
15753	1
15754	1
15755	1
15756	1
15789	0
15790	0
15791	0
15792	0
15793	0
15794	0
15795	0
15796	0
15797	0
15798	0
15799	0
15800	1
15837	0
15838	0
15839	0
15840	0
15841	0
15842	0
15843	0
15844	0
15845	0
15846	0
15847	0
15848	1
15890	1
15891	1
15892	1
15893	1
15894	1
15899	1
15900	1
15901	1
15902	1
15906	1
15907	1
15924	1
15925	1
15941	0
15942	1
15967	1
15991	1
15992	1
16017	0
16018	1
16019	1
16048	0
16049	0
16050	0
16051	0
16052	0
16053	0
16054	1
16055	1
16056	1
16057	1
16070	0
16071	1
16072	1
16073	1
16074	1
16088	1
16104	1
16105	1
16121	1
16199	0
16238	0
16259	1
16287	0
16288	1
16289	1
16290	1
16303	1
16316	0
16317	0
16318	1
16325	1
16332	1
16336	0
16337	0
16338	0
16339	1
16345	0
16346	0
16347	1
16348	1
16352	1
16353	1
16354	1
16383	1
16407	1
16408	1
16424	1
16425	1
16450	1
16459	0
16474	1
16475	1
16492	1
16493	1
16498	1
16499	1
16500	1
16501	1
16523	0
16524	0
16525	0
16526	0
16527	1
16528	1
16529	1
16557	0
16558	0
16559	0
16560	0
16561	0
16562	1
16580	1
16601	1
16611	0
16612	0
16613	0
16614	0
16615	0
16616	1
16617	1
16618	1
16632	1
16633	1
16634	1
16635	1
16636	1
16651	1
16652	1
16653	1
16666	1
16667	1
16668	1
16682	0
16683	1
16684	1
16711	1
16726	0
16727	1
16728	1
16744	1
16763	0
16764	0
16784	0
16785	0
16803	1
16820	1
16821	1
16822	1
16823	1
16824	1
16825	1
16836	0
16837	0
16838	1
16839	1
16840	1
16841	1
16842	1
16852	1
16853	1
16854	1
16855	1
16856	1
16857	1
16858	1
16859	1
16860	1
16861	1
16862	1
16863	1
16864	1
16865	1
16866	1
16978	0
16979	0
16980	0
16981	0
16982	0
16983	0
16984	0
16985	0
16986	0
16987	0
16988	0
16989	0
16990	0
16991	0
16992	0
16993	0
16994	0
16995	0
16996	1
16997	1
16998	1
16999	1
17000	1
17001	1
17002	1
17003	1
17004	1
17005	1
17006	1
17007	1
17008	1
17009	1
17010	1
17011	1
17012	1
17013	1
17128	0
17129	0
17130	0
17131	0
17132	0
17133	0
17134	0
17135	0
17136	0
17137	0
17138	0
17139	0
17140	0
17141	0
17142	0
17185	1
17186	1
17196	1
17210	0
17211	0
17212	0
17213	0
17214	0
17215	0
17216	0
17217	0
17218	0
17219	0
17220	1
17221	1
17222	1
17223	1
17224	1
17231	1
17232	1
17233	1
17234	1
17240	1
17241	1
17257	1
17258	1
17259	1
17274	0
17275	0
17312	0
17313	1
17314	1
17330	1
17331	1
17332	1
17347	0
17348	0
17349	1
17350	1
17378	0
17379	1
17380	1
17381	1
17391	0
17392	0
17393	1
17405	1
17406	1
17407	1
17408	1
17409	1
17412	1
17413	1
17414	1
17415	1
17416	1
17417	1
17421	1
17422	1
17423	1
17424	1
17429	1
17430	1
17435	1
17436	1
17437	1
17448	0
17449	0
17450	0
17451	0
17452	0
17453	0
17454	0
17455	0
17456	1
17457	1
17472	0
17473	0
17474	0
17475	0
17476	0
17477	0
17478	0
17479	0
17480	0
17481	0
17482	0
17483	0
17484	1
17485	1
17486	1
17493	1
17494	1
17501	1
17502	1
17503	1
17513	0
17514	1
17515	1
17516	1
17534	0
17535	0
17536	1
17577	1
17578	1
17585	1
17586	1
17594	0
17595	1
17606	1
17607	1
17615	1
17616	1
17624	1
17653	0
17665	1
17677	1
17678	1
17679	1
17682	1
17683	1
17684	1
17687	0
17688	0
17704	1
17721	0
17722	1
17723	1
17732	1
17738	1
17792	1
17793	1
17803	1
17804	1
17838	1
17851	1
17868	0
17869	0
17870	0
17878	0
17879	1
17880	1
17881	1
17885	1
17891	1
17901	1
17908	1
17909	1
17916	1
17948	0
17949	1
17974	1
17975	1
17976	1
17979	1
17980	1
17981	1
17984	1
18009	0
18010	1
18011	1
18019	1
18028	1
18037	1
18045	0
18086	1
18096	1
18097	1
18106	0
18123	1
18124	1
18125	1
18126	1
18134	1
18141	1
18142	1
18143	1
18144	1
18147	1
18148	1
18149	1
18150	1
18153	1
18180	0
18188	1
18198	1
18199	1
18214	1
18230	1
18231	1
18232	1
18242	1
18243	1
18255	0
18256	1
18300	0
18301	1
18314	0
18320	1
18325	0
18326	1
18327	1
18345	1
18346	1
18355	1
18371	1
18378	1
18379	1
18380	1
18396	1
18404	1
18409	1
18432	1
18441	1
18449	0
18450	1
18451	1
18458	1
18459	1
18466	1
18467	1
18483	0
18484	1
18485	1
18502	0
18503	1
18507	1
18538	1
18541	1
18542	1
18544	1
18545	1
18566	0
18580	0
18591	0
18602	0
18603	0
18604	0
18605	0
18606	0
18607	0
18608	1
18609	1
18613	1
18614	1
18615	1
18621	1
18629	1
18630	1
18652	1
18661	0
18662	1
18671	0
18672	0
18673	0
18695	1
18712	1
18731	0
18732	1
18738	1
18744	0
18745	1
18830	0
18831	1
18832	1
18837	1
18891	0
18905	1
18920	0
18930	1
18931	1
18942	1
18950	1
18951	1
18952	1
18958	0
18959	1
18961	1
18967	1
18973	1
18991	0
18992	0
18993	0
19002	0
19004	1
19013	0
19014	1
19021	0
19022	0
19023	0
19024	0
19025	0
19026	0
19027	0
19028	0
19029	0
19030	0
19031	0
19032	1
19039	1
19053	1
19054	1
19073	1
19074	1
19077	1
19094	0
19112	0
19113	0
19114	0
19119	1
19120	1
19121	1
19146	0
19163	0
19164	1
19165	1
19166	1
19167	1
19168	1
19171	0
19172	1
19173	1
19174	1
19175	1
19176	1
19177	1
19178	1
19185	1
19204	0
19205	1
19206	1
19214	1
19222	0
19223	1
19233	0
19234	0
19235	0
19236	0
19237	1
19259	0
19274	1
19285	0
19319	1
19343	1
19350	1
19352	1
19354	1
19355	1
19360	1
19366	1
19374	1
19398	1
19399	1
19404	1
19418	0
19419	1
19425	1
19429	1
19440	1
19441	1
19491	1
19495	1
19501	1
19538	1
19546	1
19561	0
19562	1
19563	1
19567	1
19568	1
19572	1
19581	1
19588	0
19601	1
19602	1
19604	1
19605	1
19606	1
19607	1
19611	0
19612	1
19623	0
19659	1
19664	1
19685	0
19686	1
19687	1
19688	1
19689	1
19690	1
19701	1
19702	1
19714	0
19741	1
19742	1
19745	1
19746	1
19749	0
19763	0
19764	0
19765	0
19766	1
19805	0
19808	1
19809	1
19810	0
19830	1
19831	1
19832	1
19833	1
19837	1
19844	1
19875	1
19892	1
19904	1
19905	1
19909	1
19915	1
19920	1
19921	1
19924	1
19957	1
19959	1
20012	1
20014	1
20016	0
20023	1
20031	1
20032	1
20033	1
20041	1
20050	1
20063	0
20064	0
20099	0
20100	0
20116	1
20117	1
20119	1
20120	1
20122	1
20123	1
20124	1
20125	1
20126	1
20127	1
20128	1
20153	1
20158	1
20162	0
20174	1
20182	0
20200	1
20205	1
20225	1
20226	1
20227	1
20231	1
20232	1
20233	1
20234	1
20251	0
20252	0
20266	1
20268	1
20270	1
20271	1
20289	1
20303	0
20317	1
20323	1
20326	1
20338	0
20346	0
20347	1
20349	1
20350	1
20370	1
20376	1
20386	1
20414	1
20448	1
20518	1
20524	1
20526	1
20533	1
20540	1
20549	1
20561	1
20562	1
20569	1
20570	1
20571	1
20572	1
20598	0
20608	1
20609	1
20610	1
20613	1
20617	1
20618	1
20621	1
20622	1
20628	1
20632	0
20633	0
20634	0
20653	1
20656	1
20691	0
20692	1
20693	1
20694	1
20695	0
20696	1
20701	1
20705	1
20709	1
20712	1
20713	0
20714	1
20715	1
20716	1
20718	1
20719	1
20720	1
20723	1
20729	0
20730	1
20736	0
20772	0
20773	1
20790	1
20795	0
20796	1
20820	1
20821	1
20828	1
20848	0
20849	0
20858	0
20859	1
20869	0
20880	0
20881	1
20883	1
20892	0
20897	1
20898	1
20902	1
20903	1
20904	1
20912	0
20913	1
20933	1
20936	1
20944	1
20950	1
20953	1
20956	1
20973	1
20978	1
21002	1
21015	1
21016	1
21017	1
21018	1
21020	1
21021	1
21022	1
21023	1
21024	1
21033	0
21038	0
21039	1
21068	0
21076	1
21090	1
21095	1
21133	0
21134	1
21151	1
21153	1
21161	1
21165	1
21208	0
21209	0
21210	0
21211	0
21212	0
21213	0
21214	0
21215	1
21229	1
21231	1
21233	1
21239	1
21244	0
21250	1
21260	1
21264	1
21265	1
21266	1
21286	1
21307	0
21313	1
21319	1
21347	1
21351	1
21354	1
21355	0
21358	0
21359	1
21382	1
21383	1
21385	1
21386	1
21393	1
21394	1
21395	1
21397	1
21399	1
21431	1
21436	1
21437	1
21445	0
21477	0
21480	1
21482	1
21485	1
21496	1
21506	0
21507	1
21516	0
21525	0
21532	0
21536	1
21538	1
21554	1
21568	1
21569	1
21589	0
21590	1
21592	1
21596	1
21597	1
21616	0
21630	1
21631	1
21638	1
21639	1
21642	1
21643	1
21646	1
21655	1
21665	1
21671	1
21674	1
21677	1
21679	1
21681	0
21682	1
21685	1
21701	1
21702	1
21712	0
21713	0
21739	1
21743	1
21745	1
21751	0
21757	0
21758	0
21763	1
21765	1
21810	0
21811	1
21813	1
21821	1
21825	1
21827	1
21838	1
21873	0
21874	0
21882	0
21883	0
21898	1
21901	1
21903	1
21904	1
21914	0
21921	0
21943	1
21950	0
21951	1
21952	1
21959	0
21964	1
21969	1
21975	1
21985	0
21993	0
22012	1
22029	0
22030	0
22031	0
22032	0
22033	0
22034	1
22064	1
22068	0
22069	1
22073	0
22091	1
22096	1
22115	1
22132	1
22137	1
22139	1
22153	1
22156	1
22185	1
22188	0
22215	1
22217	1
22227	0
22228	1
22229	0
22230	1
22233	0
22240	1
22244	1
22245	1
22253	0
22264	1
22296	0
22297	0
22298	0
22299	0
22300	0
22301	0
22302	0
22303	0
22304	0
22305	0
22306	0
22307	0
22308	0
22309	1
22310	1
22359	1
22372	1
22373	1
22374	1
22377	1
22392	1
22394	1
22426	0
22448	0
22453	1
22458	1
22463	1
22464	1
22471	1
22482	0
22483	1
22484	1
22485	1
22498	1
22525	0
22526	0
22527	0
22528	1
22531	1
22534	1
22543	1
22546	0
22547	1
22557	0
22558	0
22559	0
22560	0
22561	0
22562	0
22563	0
22564	1
22572	0
22581	0
22582	1
22586	1
22589	1
22590	1
22591	1
22631	0
22632	1
22633	1
22677	0
22688	1
22689	1
22696	0
22704	0
22741	1
22742	1
22743	0
22773	1
22780	0
22799	0
22820	1
22821	1
22831	1
22839	0
22843	0
22855	1
22871	0
22880	1
22885	1
22898	1
22907	1
22925	1
22936	1
22937	1
22946	1
22948	1
22955	0
22961	0
22962	0
22973	1
22998	1
23011	0
23020	1
23021	1
23027	0
23037	0
23054	0
23102	0
23112	0
23113	1
23119	0
23120	1
23151	1
23152	1
23167	1
23168	1
23207	1
23243	0
23244	0
23245	0
23246	0
23252	1
23253	1
23254	1
23263	0
23270	1
23271	0
23272	0
23273	0
23274	0
23275	0
23276	0
23277	0
23278	0
23279	0
23306	0
23322	1
23326	1
23332	1
23333	0
23344	0
23354	0
23361	1
23364	0
23365	1
23366	1
23372	0
23383	1
23431	1
23436	0
23437	1
23447	1
23471	1
23479	0
23480	1
23485	1
23490	1
23496	0
23529	1
23538	1
23539	1
23541	1
23551	1
23592	0
23593	0
23594	0
23596	0
23610	0
23611	0
23612	1
23613	1
23614	0
23626	0
23649	0
23661	0
23683	1
23684	0
23691	1
23692	0
23693	0
23694	0
23695	0
23697	0
23698	0
23699	0
23700	0
23701	0
23702	0
23703	0
23704	0
23705	0
23708	0
23738	0
23752	0
23766	0
23771	0
23814	0
23816	0
23847	0
23852	0
23857	0
23888	0
23893	0
23894	0
23895	0
23920	0
23921	0
23940	0
23941	0
23947	0
23952	0
23954	0
23955	0
23959	1
23977	1
23978	0
23987	0
23991	0
23997	0
24004	0
24010	0
24016	1
24018	1
24019	0
24020	0
24021	0
24022	0
24023	0
24024	0
24025	0
24028	0
24029	0
24030	0
24031	0
24032	0
24033	0
24034	0
24035	0
24036	0
24037	0
24038	0
24039	0
24040	0
24041	0
24042	0
24043	0
24044	0
24045	0
24046	0
24047	0
24048	0
24049	0
24050	1
24052	1
24053	1
24054	1
24055	1
24056	1
24059	0
24060	0
24061	1
24062	0
24064	0
24065	1
24066	1
24067	1
24068	1
24069	1
24070	1
24072	1
24075	0
24077	0
24078	0
24083	0
24087	1
24088	1
24089	1
24091	0
24094	1
24096	1
24097	1
24098	1
24099	1
24101	0
24103	0
24104	0
24105	0
24110	0
24111	0
24112	0
24113	0
24116	1
24118	1
24119	1
24123	0
24127	1
24128	1
24131	1
24132	0
24133	1
24134	1
24135	1
24136	1
24137	0
24138	0
24139	0
24142	1
24144	1
24146	1
24148	1
24149	1
24150	0
24152	1
24153	1
24155	0
24156	0
24157	0
24158	0
24161	0
24162	1
24164	0
24165	1
24166	1
24167	1
24168	1
24169	1
24170	1
24171	1
24172	0
24173	1
24174	1
24175	1
24176	1
24177	1
24178	1
24179	1
24180	1
24181	1
24182	1
24183	1
24184	1
24185	0
