440
3187
198
3171
189
2353
437
2747
403
318
101
2521
3251
3096
2494
2860
2613
2463
2880
118
2327
341
257
3088
201
584
126
2482
3262
3314
370
377
3238
2453
224
290
3183
204
2427
2466
203
2720
2523
3236
222
2749
2705
3294
2940
74
2631
116
154
531
2416
2812
2865
494
2997
2478
520
2391
3082
2855
552
2661
119
387
291
3040
2991
2593
2784
306
2585
2852
2794
3139
83
2492
2708
2913
2439
193
360
2540
112
22
449
3050
225
335
2758
540
2345
2803
2897
2635
2690
91
2872
3264
347
3110
301
95
3025
3317
431
391
518
2385
233
3201
3035
3143
157
45
2584
244
