0	1
3	1
4	1
5	1
7	1
8	1
9	1
10	1
11	1
12	1
13	1
14	1
16	1
17	1
18	1
20	1
21	1
22	1
28	1
30	1
31	1
41	1
50	1
52	1
60	1
88	1
94	1
95	1
96	1
100	1
105	1
113	1
114	1
121	1
124	1
131	1
135	1
188	1
206	1
222	1
229	1
230	1
239	1
241	1
252	1
254	1
257	1
276	1
287	1
288	1
296	1
321	1
324	1
325	1
327	1
331	1
354	1
374	1
375	1
411	1
412	1
486	1
541	1
557	1
593	1
614	1
615	1
633	1
634	1
645	1
651	1
652	1
653	1
654	1
657	1
661	1
678	1
688	1
695	1
703	1
704	1
705	1
707	1
708	1
709	1
710	1
712	1
721	1
722	1
731	1
732	1
735	1
745	1
746	1
761	1
765	1
766	1
770	1
771	1
777	1
785	1
786	1
787	1
792	1
799	1
811	1
812	1
813	1
821	1
844	1
845	1
846	1
851	1
856	1
858	1
877	1
878	1
884	1
886	1
887	1
896	1
905	1
906	1
907	1
908	1
915	1
921	1
922	1
928	1
948	1
998	1
999	1
1005	1
1009	1
1014	1
1022	1
1023	1
1025	1
1027	1
1043	1
1046	1
1049	1
1056	1
1069	1
1074	1
1088	1
1090	1
1099	1
1100	1
1105	0
1106	1
1108	1
1110	1
1118	1
1127	1
1130	1
1143	1
1151	1
1152	1
1163	1
1172	1
1196	1
1200	1
1202	1
1203	1
1210	1
1215	1
1222	1
1232	1
1268	1
1269	1
1272	1
1279	1
1287	1
1294	1
1297	1
1298	1
1327	1
1328	1
1329	1
1330	1
1337	1
1344	1
1347	1
1348	1
1352	1
1353	1
1354	1
1372	1
1388	1
1389	1
1394	1
1421	1
1422	0
1424	0
1433	1
1436	1
1452	1
1459	1
1461	1
1469	1
1477	1
1487	1
1488	0
1495	1
1496	1
1502	1
1517	1
1518	1
1521	1
1535	1
1536	1
1541	1
1544	1
1599	1
1605	1
1606	1
1611	1
1621	0
1623	1
1628	1
1636	1
1637	1
1652	1
1653	1
1657	1
1658	1
1665	1
1667	1
1673	1
1674	1
1677	0
1703	1
1705	1
1710	1
1718	1
1736	1
1744	1
1767	1
1768	1
1769	1
1770	1
1774	1
1775	1
1776	1
1777	1
1778	1
1790	1
1793	0
1794	0
1795	0
1796	0
1834	1
1848	1
1862	1
1863	1
1881	0
1882	0
1883	0
1897	1
1898	1
1899	1
1901	1
1902	1
1903	1
1904	1
1905	1
1906	1
1909	1
1910	1
1912	1
1913	1
1915	1
1916	1
1920	1
1921	1
1922	1
1941	1
1942	1
1944	1
1949	1
1952	1
1953	1
1954	1
1959	1
1969	0
1970	0
1971	1
1972	1
1976	1
1977	1
1991	0
1997	1
2013	1
2037	1
2038	1
2039	1
2040	1
2041	1
2042	1
2045	1
2046	1
2047	1
2048	1
2049	1
2050	1
2063	1
2076	1
2088	1
2099	1
2100	1
2117	1
2118	1
2125	1
2142	1
2169	1
2214	1
2215	1
2237	1
2252	1
2257	1
2263	1
2306	1
2307	1
2308	1
2318	1
2324	1
2332	1
2349	1
2350	1
2366	1
2368	1
2385	1
2388	1
2404	1
2405	1
2407	1
2421	1
2432	1
2437	1
2445	1
2453	1
2454	1
2460	1
2469	1
2470	1
2471	1
2472	1
2473	1
2476	1
2483	1
2486	0
2495	1
2501	1
2502	1
2505	1
2529	1
2530	1
2550	0
2560	1
2561	1
2580	1
2596	1
2628	1
2640	1
2643	1
2667	1
2675	1
2686	1
2725	1
2727	1
2735	1
2736	1
2758	1
2760	1
2765	1
2778	1
2779	1
2831	1
2832	1
2880	1
2881	1
2886	1
2898	1
2904	1
2905	1
2910	1
2914	1
2920	1
2921	0
2922	0
2925	1
2927	1
2929	1
2935	1
2964	1
2966	1
2967	1
2968	1
2969	1
2970	1
2977	1
2992	1
2993	1
3014	1
3015	1
3016	1
3048	1
3049	1
3050	1
3051	1
3054	1
3055	1
3056	1
3057	1
3062	1
3063	1
3065	1
3066	1
3067	1
3068	1
3069	1
3091	1
3092	1
3137	0
3143	1
3144	1
3149	1
3150	1
3155	1
3156	1
3159	1
3160	1
3185	1
3188	1
3208	1
3227	1
3228	1
3245	1
3246	1
3277	1
3280	1
3288	1
3290	1
3294	1
3311	1
3312	1
3319	1
3320	1
3322	1
3323	1
3364	1
3386	1
3410	1
3411	1
3412	1
3416	1
3433	1
3444	1
3446	1
3449	1
3470	1
3492	1
3500	1
3538	1
3594	1
3595	1
3596	1
3651	1
3721	1
3726	1
3727	1
3747	1
3748	1
3765	1
3766	1
3767	1
3788	1
3789	1
3791	1
3797	1
3802	1
3803	1
3823	1
3831	1
3841	1
3853	1
3860	1
3861	1
3895	0
3896	0
3897	0
3902	0
3916	1
3921	1
3922	1
3928	1
3944	1
3946	1
3956	1
3965	1
3967	1
3980	1
3982	1
3984	1
3985	1
3989	1
3994	1
3995	1
3998	1
4023	1
4024	1
4035	1
4053	1
4056	1
4070	1
4081	1
4083	1
4098	1
4099	1
4100	1
4115	1
4119	1
4128	1
4131	1
4135	1
4154	1
4161	1
4177	1
4184	1
4185	1
4215	1
4216	1
4221	1
4222	1
4228	1
4229	1
4231	1
4232	1
4234	1
4236	1
4237	1
4241	1
4242	1
4244	1
4247	1
4254	1
4278	1
4279	1
4283	1
4286	1
4287	1
4289	1
4296	1
4305	1
4306	1
4319	1
4324	1
4327	0
4328	0
4342	1
4346	0
4347	1
4354	1
4355	1
4360	1
4365	1
4366	1
4367	1
4384	1
4386	1
4396	1
4403	1
4408	1
4419	1
4420	1
4434	1
4435	1
4436	1
4437	0
4450	1
4451	0
4453	1
4462	1
4463	1
4464	1
4480	1
4482	1
4493	0
4496	1
4498	1
4499	1
4506	1
4528	1
4531	1
4532	1
4543	1
4545	0
4546	1
4549	1
4553	1
4555	1
4556	1
4557	1
4559	1
4565	1
4566	1
4574	1
4590	1
4592	1
4596	0
4601	1
4602	1
4603	1
4607	1
4616	1
4621	1
4624	0
4625	0
4626	1
4627	1
4628	1
4634	0
4652	1
4653	1
4684	1
4685	1
4686	1
4702	1
4718	1
4749	1
4750	0
4753	1
4754	0
4770	1
4771	1
4782	1
4784	1
4801	1
4802	1
4808	1
4818	1
4834	0
4855	0
4857	0
4858	0
4863	1
4864	1
4869	1
4870	1
4871	1
4874	1
4880	1
4882	1
4884	1
4885	1
4886	1
4887	1
4891	0
4904	0
4905	0
4906	0
4909	0
4911	0
4912	0
4913	0
4925	1
4955	0
4956	0
4963	1
4967	1
4975	0
4979	1
4984	0
4985	0
4989	1
4990	1
4991	1
4992	1
4993	1
4994	1
4995	1
4996	1
4997	1
5000	0
5011	1
5017	1
5020	1
5021	1
5023	1
5024	1
5032	0
5034	1
5036	1
5040	1
5041	1
5046	1
5052	1
5078	1
5117	1
5134	1
5148	1
5149	1
5150	1
5155	0
5172	0
5179	0
5180	0
5181	0
5182	0
5183	0
5196	0
5204	1
5205	0
5218	1
5221	1
5222	1
5237	1
5260	1
5267	1
5268	1
5310	1
5321	1
5322	1
5332	1
5333	1
5387	1
5391	1
5403	0
5416	1
5417	1
5418	1
5446	1
5473	1
5480	0
5481	1
5482	1
5483	1
5504	0
5514	0
5515	0
5516	0
5522	0
5530	0
5552	1
5553	1
5554	0
5555	0
5556	1
5557	1
5559	1
5560	1
5564	1
5565	1
5566	1
5567	1
5572	1
5574	1
5575	1
5588	1
5589	1
5622	1
5627	0
5628	1
5630	0
5631	1
5633	1
5634	1
5635	1
5651	1
5655	1
5663	1
5664	0
5679	1
5680	1
5693	1
5699	0
5700	0
5713	0
5724	0
5732	1
5738	1
5740	0
5741	0
5744	0
5745	1
5747	0
5772	1
5821	1
5826	0
5827	1
5836	1
5837	1
5871	0
5899	1
5900	1
5903	1
5919	1
5922	1
5924	1
5925	0
5926	1
5927	0
5928	0
5929	0
5930	0
5931	0
5932	0
5936	1
5961	0
5966	1
5987	1
5988	1
6016	1
6043	1
6055	1
6056	1
6060	1
6066	1
6068	0
6078	1
6079	1
6080	1
6086	1
6095	1
6101	1
6102	1
6116	1
6119	1
6120	1
6127	1
6132	1
6141	1
6153	1
6160	1
6171	1
6186	0
6187	1
6198	1
6199	1
6219	0
6221	0
6223	1
6231	1
6245	1
6285	1
6299	1
6302	1
6304	1
6319	1
6320	1
6354	1
6355	1
6361	1
6366	1
6398	1
6414	0
6417	1
6418	1
6421	1
6422	1
6433	1
6442	1
6443	1
6454	1
6455	1
6467	1
6468	1
6482	0
6492	1
6506	1
6508	1
6511	1
6521	1
6524	1
6536	1
6553	1
6574	0
6575	0
6576	0
6577	0
6581	0
6595	0
6598	0
6615	1
6623	1
6625	1
6626	1
6632	1
6643	0
6659	1
6660	1
6662	1
6674	1
6679	1
6705	1
6741	1
6742	1
6809	1
6810	1
6831	1
6847	1
6850	1
6888	1
6894	1
6896	1
6907	1
6908	1
6926	1
6946	1
6952	1
6966	1
6970	1
6971	1
7018	1
7025	1
7038	1
7040	1
7041	1
7055	0
7058	0
7059	0
7093	1
7094	1
7122	1
7123	1
7132	1
7149	1
7166	1
7171	1
7192	1
7201	1
7215	1
7218	1
7225	0
7226	1
7237	1
7253	1
7254	1
7266	1
7288	1
7302	1
7303	1
7305	0
7346	1
7349	1
7357	1
7358	1
7401	1
7421	1
7427	1
7428	0
7445	1
7446	0
7485	1
7488	1
7495	1
7526	1
7535	1
7536	1
7547	1
7549	1
7552	1
7575	1
7577	1
7578	1
7579	1
7580	1
7584	1
7593	1
7595	1
7602	1
7605	1
7624	1
7633	1
7658	1
7659	1
7660	1
7667	1
7670	1
7671	1
7673	1
7674	1
7675	1
7689	1
7695	1
7725	1
7734	1
7740	1
7741	1
7770	1
7771	1
7772	1
7775	1
7801	1
7808	1
7810	1
7829	1
7830	1
7841	1
7842	1
7854	1
7855	1
7856	1
7862	1
7864	1
7869	1
7890	1
7900	1
7917	1
7929	1
7930	1
7935	1
7943	0
7945	1
7946	1
7949	1
7984	0
7997	1
8005	1
8027	1
8028	1
8029	1
8033	1
8034	1
8035	1
8036	1
8043	0
8048	0
8049	1
8052	1
8053	1
8054	0
8083	1
8088	1
8099	1
8111	1
8124	1
8125	1
8126	1
8127	1
8132	1
8135	1
8156	1
8172	1
8189	0
8197	1
8208	1
8210	1
8212	1
8219	1
8220	1
8225	1
8239	1
8268	1
8281	1
8284	0
8285	0
8286	0
8287	0
8288	0
8296	1
8297	1
8298	1
8300	1
8302	0
8319	1
8334	1
8339	1
8345	1
8349	1
8350	1
8351	1
8357	0
8360	1
8361	1
8373	1
8390	0
8391	1
8396	1
8399	1
8410	1
8425	1
8426	1
8427	1
8430	1
8431	1
8436	1
8440	1
8445	1
8446	1
8453	1
8456	1
8459	1
8474	1
8475	1
8491	1
8521	1
8538	0
8569	0
8622	1
8623	1
8624	1
8628	1
8642	1
8645	1
8697	1
8703	1
8706	0
8709	1
8716	1
8717	1
8718	1
8740	1
8741	1
8742	1
8775	1
8781	1
8782	0
8790	1
8791	1
8799	1
8800	1
8801	1
8821	1
8822	1
8823	1
8824	1
8827	1
8833	1
8841	1
8851	1
8853	1
8854	1
8863	1
8865	1
8870	1
8871	1
8872	1
8873	1
8876	1
8877	1
8881	1
8890	1
8918	1
8935	0
8936	0
8937	0
8940	1
8957	0
8968	0
8969	0
8973	1
8980	1
8981	1
8987	1
8992	1
8993	1
9000	0
9017	1
9049	1
9050	1
9056	1
9057	1
9058	1
9062	1
9073	1
9081	1
9087	0
9092	1
9095	1
9096	1
9115	1
9151	1
9152	1
9155	1
9157	1
9158	1
9160	1
9162	1
9163	1
9165	1
9187	1
9192	1
9206	1
9217	1
9218	1
9219	1
9245	0
9247	0
9248	0
9261	0
9262	1
9263	1
9276	1
9294	1
9306	1
9320	0
9321	0
9346	1
9349	1
9354	1
9361	0
9363	1
9368	1
9382	0
9383	0
9387	1
9420	1
9438	1
9458	0
9459	1
9481	1
9482	1
9511	0
9512	0
9514	0
9521	1
9528	1
9539	0
9541	1
9542	1
9551	1
9559	0
9573	0
9575	1
9581	1
9600	1
9613	1
9616	0
9625	1
9648	1
9682	1
9683	1
9688	1
9691	1
9693	1
9708	1
9711	0
9729	1
9747	1
9757	1
9769	1
9774	1
9783	0
9800	1
9801	1
9865	1
9866	1
9867	1
9868	1
9869	1
9870	1
9871	1
9872	1
9877	1
9880	1
9881	1
9900	1
9907	1
9908	1
9909	1
9926	0
9942	1
9950	1
9971	1
9973	1
9976	1
9977	1
9995	1
9999	1
10002	1
10003	1
10004	1
10008	1
10009	1
10011	1
10013	1
10016	1
10027	1
10028	0
10041	1
10044	1
10049	1
10062	1
10067	1
10070	1
10071	1
10092	1
10094	1
10095	1
10118	1
10139	1
10140	1
10142	1
10143	1
10145	1
10146	1
10149	1
10151	1
10158	1
10168	0
10174	1
10175	1
10191	0
10196	1
10202	1
10203	1
10210	1
10216	1
10225	0
10230	1
10231	1
10232	1
10237	1
10247	1
10248	1
10264	1
10265	1
10281	1
10295	1
10302	1
10305	1
10312	1
10329	1
10330	1
10331	1
10332	1
10333	1
10334	1
10335	1
10336	1
10337	1
10338	1
10339	1
10340	1
10341	1
10342	1
10343	1
10351	1
10356	1
10357	1
10375	0
10376	0
10389	1
10390	1
10395	1
10403	1
10415	0
10464	1
10473	1
10474	1
10517	1
10518	1
10559	1
10568	1
10573	1
10582	1
10591	1
10628	1
10649	0
10652	1
10700	1
10701	1
10703	1
10709	1
10711	1
10719	1
10720	1
10725	1
10740	0
10744	1
10752	1
10784	0
10793	0
10803	0
10816	1
10817	1
10842	1
10850	1
10853	1
10855	0
10873	1
10888	1
10903	1
10910	1
10923	1
10924	1
10925	1
10927	1
10928	1
10929	1
10934	1
10969	1
10991	1
11021	1
11028	0
11031	1
11032	1
11037	0
11047	0
11052	0
11053	1
11066	1
11067	1
11068	1
11075	1
11080	1
11083	1
11084	1
11107	1
11114	0
11149	1
11150	1
11151	1
11177	1
11178	1
11181	1
11184	1
11202	1
11203	1
11208	1
11212	0
11231	1
11255	0
11266	1
11268	1
11269	1
11278	0
11284	1
11293	1
11299	0
11301	0
11303	1
11316	1
11317	1
11318	1
11336	1
11337	1
11340	1
11347	1
11353	1
11358	1
11382	1
11383	1
11384	1
11385	0
11391	1
11392	1
11416	1
11429	1
11432	1
11440	1
11441	1
11445	1
11452	1
11453	1
11477	1
11478	1
11486	1
11487	1
11488	1
11489	1
11490	1
11508	0
11535	1
11551	1
11552	1
11553	1
11559	1
11560	1
11575	1
11588	1
11590	1
11605	0
11606	1
11648	1
11651	1
11665	1
11673	0
11674	0
11707	1
11708	1
11738	1
11744	1
11766	1
11767	1
11768	1
11786	1
11799	1
11808	1
11810	1
11820	1
11821	1
11835	1
11848	1
11850	1
11857	1
11858	1
11859	1
11866	1
11877	0
11882	1
11883	1
11885	1
11909	1
11913	0
11925	1
11931	1
11936	0
11949	0
11972	1
11976	1
11977	1
11985	1
11989	1
11990	1
11991	1
12021	1
12027	1
12029	1
12030	1
12031	1
12033	1
12034	1
12040	1
12074	1
12083	1
12089	1
12090	1
12100	1
12126	0
12128	1
12137	1
12154	1
12158	0
12162	1
12188	1
12190	1
12191	1
12199	1
12200	1
12201	0
12209	1
12210	1
12216	1
12217	1
12218	1
12243	1
12252	1
12255	0
12270	1
12274	1
12275	1
12276	1
12277	1
12280	1
12281	1
12284	1
12298	1
12308	1
12315	0
12341	0
12366	1
12379	1
12391	1
12393	1
12403	1
12434	1
12443	1
12444	1
12445	1
12472	1
12514	1
12521	1
12539	1
12540	1
12543	1
12545	1
12555	1
12556	1
12557	1
12561	1
12572	1
12573	1
12574	1
12579	0
12580	0
12581	0
12582	0
12584	1
12587	1
12593	1
12614	1
12622	1
12624	1
12626	1
12630	1
12666	1
12672	1
12679	1
12689	1
12690	1
12692	1
12699	1
12711	1
12713	1
12726	1
12727	0
12728	0
12733	1
12736	1
12738	1
12754	1
12765	0
12786	1
12787	1
12797	1
12804	1
12812	1
12819	1
12826	1
12840	0
12841	1
12842	1
12859	0
12890	0
12891	0
12916	0
12921	1
12932	1
12935	1
12936	1
12943	0
12974	0
12985	1
12986	1
13006	1
13007	1
13008	0
13009	1
13010	1
13013	1
13017	1
13024	1
13031	0
13038	0
13069	1
13092	1
13095	1
13097	1
13100	0
13101	0
13105	0
13109	1
13110	0
13111	0
13112	0
13143	1
13167	1
13168	1
13169	1
13175	1
13176	0
13179	0
13180	0
13181	1
13187	1
13193	1
13194	1
13203	1
13220	0
13221	0
13226	1
13227	0
13228	1
13229	1
13233	1
13234	1
13235	1
13236	1
13237	1
13239	1
13250	0
13251	1
13253	0
13254	0
13255	0
13256	0
13258	0
13259	0
13260	1
13262	0
13263	0
13266	1
13267	1
13270	0
13271	1
13275	0
13276	0
13277	0
13278	0
13279	0
13284	0
13292	1
13293	1
13296	0
13297	0
13298	0
13299	0
13304	0
13305	0
13306	0
13309	0
13334	1
13346	1
13347	0
13348	1
13355	0
13358	1
13359	1
13360	1
13361	1
13362	1
13364	1
13366	1
13383	1
13384	0
13406	0
13407	1
13408	1
13409	1
13410	1
13411	1
13412	1
13413	1
13414	1
13416	1
13417	1
13431	0
13432	0
13433	0
13434	0
13435	0
13436	0
13437	0
13439	0
13442	0
13443	0
13444	0
13445	0
13446	1
13452	1
13453	1
13455	1
13464	0
13465	0
13466	0
13467	0
13486	0
13501	0
13520	1
13565	1
13570	1
13571	1
13572	1
13576	1
13579	1
13580	0
13583	0
13585	1
13586	0
13590	0
13591	0
13592	0
13593	0
13594	0
13595	0
13596	0
13603	0
13605	0
13606	0
13607	1
13609	1
13610	0
13611	1
13612	1
13613	1
13614	0
13615	0
13616	0
13617	0
13618	0
13619	0
13620	0
13623	0
13630	0
13637	1
13642	1
13657	1
13668	0
13669	0
13670	1
13675	0
13676	0
13678	1
13680	1
13681	0
13682	1
13683	1
13694	1
13695	1
13696	1
13698	1
13699	1
13700	1
13702	0
13703	0
13704	0
13706	1
13713	0
13714	0
13721	0
13723	0
13726	0
13728	0
13729	0
13731	0
13732	0
13733	0
13738	0
13739	0
13750	0
13751	0
13752	0
13756	0
13757	0
13758	0
13759	0
13762	1
13763	1
13769	0
13770	0
13776	1
13781	0
13791	1
13792	1
13794	1
13795	1
13797	1
13798	1
13802	0
13808	1
13810	1
13813	1
13814	1
13825	0
13831	0
13834	1
13846	1
13858	1
13859	1
13862	1
13869	0
13872	1
13876	1
13881	0
13883	1
13896	1
13897	1
13900	0
13906	0
13920	1
13924	1
13927	1
13928	1
13929	1
13930	1
13931	1
13932	1
13933	0
13934	1
13935	0
13936	1
13937	0
13938	1
13939	1
13940	0
13941	0
13942	0
13943	0
13944	0
13946	1
13947	1
13952	1
13956	1
13957	0
13959	0
13960	1
13961	0
13962	1
13964	1
13965	1
13966	1
13967	1
13968	1
13969	1
13970	1
13971	1
13972	0
13973	1
13974	0
13975	1
13976	1
13977	1
13978	1
13979	1
13980	1
13981	1
13982	1
13983	1
13984	1
13985	0
13988	1
13989	1
13990	0
13991	0
13992	0
13994	0
13996	0
13997	0
13998	0
13999	0
14000	0
14004	1
14005	1
14006	1
14007	1
14008	1
14009	1
14011	1
14012	1
14013	1
14014	1
14015	1
14016	1
14017	1
14018	1
14019	1
14020	1
14021	1
14022	1
14023	1
14024	1
14026	0
14027	0
14028	0
14029	1
14030	0
14031	0
14032	0
14033	0
14034	0
14035	1
14037	0
14038	0
14039	0
14040	0
14041	0
14042	0
14043	0
14044	0
14045	0
14047	1
14048	0
14049	0
14050	0
14051	0
14052	0
14053	1
14054	1
14061	0
14063	1
14064	1
14065	1
14066	0
14067	0
14068	0
14069	0
14070	0
14071	0
14072	0
14073	0
14080	0
14088	1
14089	1
14090	0
14091	0
14092	0
14093	0
14107	1
14115	1
14116	0
14117	0
14118	1
14132	1
14135	1
14142	1
14152	1
14157	0
14158	0
14159	0
14161	0
14165	1
14167	1
14169	0
14174	1
14176	1
14177	1
14178	1
14180	1
14181	0
14182	0
14183	0
14187	1
14188	0
14189	0
14191	1
14192	1
14193	1
14196	0
14197	0
14198	0
14199	0
14200	0
14201	0
14202	0
14203	0
14204	0
14205	0
14206	0
14207	0
14208	0
14209	0
14213	0
14216	1
14218	0
14219	0
14232	1
14244	0
14245	0
14246	0
14248	0
14263	1
14264	1
14265	1
14266	0
14267	0
14268	0
14269	0
14270	0
14271	0
14272	0
14273	0
14274	0
14275	0
14277	0
14278	0
14279	0
14280	0
14292	1
14299	1
14312	0
14315	0
14316	0
14317	0
14318	0
14319	0
14326	1
14327	1
14332	1
14336	1
14340	0
14341	0
14344	1
14345	0
14349	1
14351	0
14352	0
14353	0
14354	0
14355	0
14357	0
14358	0
14360	0
14361	1
14363	0
14364	0
14365	0
14366	0
14367	0
14368	0
14369	0
14389	0
14393	0
14395	1
14405	0
14406	0
14407	0
14408	0
14409	0
14410	0
14411	0
14427	0
14434	1
14437	1
14438	1
14439	0
14440	0
14443	1
14457	1
14469	1
14499	1
14500	1
14507	0
14509	0
14510	0
14514	0
14520	0
14526	1
14539	1
14550	1
14552	1
14557	1
14561	1
14562	0
14574	1
14576	1
14579	1
14580	1
14594	0
14606	0
14623	1
14625	0
14627	1
14643	1
14663	1
14664	1
14683	1
14684	1
14685	1
14714	0
14719	0
14724	1
14736	1
14742	1
14774	0
14775	0
14777	0
14778	0
14802	1
14818	1
14819	1
14821	1
14841	0
14842	0
14843	0
14844	0
14845	0
14846	0
14847	0
14848	0
14849	0
14850	0
14851	0
14852	0
14853	0
14854	0
14855	0
14856	0
14857	0
14858	0
14859	0
14860	0
14861	0
14862	0
14863	0
14864	0
14865	0
14866	0
14867	0
14868	0
14869	0
14870	0
14871	0
14872	0
14873	0
14874	0
14875	0
14876	0
14877	0
14878	0
14880	1
14881	0
14889	1
14890	1
14898	0
14901	0
14906	1
14924	1
14929	1
14931	0
14932	0
14934	0
14935	0
14936	0
14937	0
14959	0
14963	0
14971	0
14974	1
14975	0
14976	0
14977	1
14983	1
14991	1
14992	1
14999	1
15007	1
15008	1
15017	1
15030	0
15046	1
15072	0
15089	1
15101	1
15114	1
15119	0
15122	0
15135	0
15138	1
15148	1
15153	1
15164	1
15168	0
15178	0
15179	0
15180	0
15181	0
15182	1
15184	0
15187	0
15189	1
15191	0
15196	1
15198	0
15201	1
15202	1
15203	1
15206	1
15208	1
15229	0
15230	1
15237	0
15239	1
15240	0
15243	0
15244	0
15257	1
15266	0
15272	1
15288	1
15289	1
15291	1
15295	1
15296	0
15298	1
15307	1
15310	0
15311	1
15312	0
15313	1
15314	0
15315	0
15316	0
15326	0
15329	0
15330	0
15333	0
15336	1
15344	0
15362	0
15371	0
15372	0
15375	1
15400	0
15402	0
15420	0
15429	0
15438	0
15440	0
15451	1
15463	1
15464	1
15476	0
15479	0
15486	0
15490	0
15499	1
15503	0
15512	1
15513	1
15540	1
15544	1
15557	0
15571	0
15596	1
15597	1
15604	1
15616	1
15625	0
15628	1
15631	1
15641	0
15671	1
15687	0
15693	1
15694	1
15698	1
15715	0
15736	0
15744	1
15762	1
15783	0
15789	0
15796	0
15797	0
15804	0
15828	0
15833	1
15842	1
15852	0
15857	1
15865	0
15874	1
15876	1
15879	1
15881	0
15886	1
15905	1
15912	1
15919	0
15921	1
15926	1
15929	1
15931	1
15932	0
15933	0
15947	1
15951	1
15961	0
15963	1
15966	1
15968	0
15997	1
16009	1
16013	0
16016	1
16020	1
16036	0
16037	1
16049	0
16051	0
16056	1
16072	1
16073	1
16074	0
16088	1
16121	1
16122	0
16128	1
16159	1
16169	1
16201	1
16214	1
16217	1
16219	1
16224	0
16225	0
16229	1
16230	1
16248	1
16257	0
16259	1
16260	1
16261	1
16263	1
16267	1
16277	1
16278	1
16318	1
16325	1
16326	1
16353	1
16356	1
16362	1
16363	0
16364	0
16365	0
16366	0
16375	0
16376	0
16396	1
16397	1
16400	1
16408	0
16415	1
16420	0
16440	0
16444	0
16446	0
16450	0
16462	1
16466	1
16470	1
16477	0
16481	1
16484	1
16512	1
16526	1
16541	1
16548	1
16563	1
16564	1
16565	1
16575	1
16576	1
16585	0
16586	0
16587	0
16596	1
16599	1
16623	1
16627	1
16639	1
16640	1
16641	1
16645	1
16647	1
16652	1
16659	1
16665	0
16667	0
16692	1
16697	1
16704	1
16706	1
16707	1
16712	0
16720	1
16721	1
16727	1
16729	1
16730	1
16731	1
16734	1
16736	1
16738	0
16743	1
16756	0
16757	1
16761	0
16770	0
16783	1
16784	1
16798	1
16799	1
16813	1
16815	1
16816	1
16817	1
16850	1
16876	1
16877	1
16889	1
16890	1
16927	1
16939	1
16949	1
16951	0
16952	0
16957	1
16959	1
16962	1
16971	0
16972	1
16973	1
16979	0
16987	1
16998	0
16999	1
17000	1
17001	1
17003	1
17004	1
17006	1
17007	1
17019	0
17029	1
17038	1
17040	0
17041	0
17042	0
17064	1
17074	1
17076	1
17091	1
17098	1
17099	0
17106	1
17107	1
17126	0
17127	1
17142	1
17153	1
17157	1
17158	1
17188	1
17194	1
17201	1
17203	1
17205	1
17215	1
17224	1
17254	1
17257	1
17273	0
17274	1
17286	1
17293	0
17294	1
17295	1
17298	1
17301	0
17303	1
17304	1
17305	0
17306	1
17307	1
17309	0
17325	1
17336	1
17337	1
17339	1
17352	0
17360	0
17372	1
17374	1
17375	1
17376	1
17377	1
17379	1
17391	1
17392	0
17394	1
17396	1
17398	1
17406	1
17407	0
17408	0
17409	0
17411	1
17412	1
17414	1
17419	1
17420	1
17426	0
17454	1
17456	1
17457	1
17463	1
17472	1
17482	0
17490	1
17491	0
17508	0
17516	0
17517	0
17518	0
17519	0
17523	0
17524	0
17525	0
17526	0
17528	0
17530	0
17531	1
17535	1
17536	1
17537	1
17538	1
17542	1
17543	1
17558	1
17561	0
17597	0
17600	1
17611	1
17612	1
17615	1
17616	1
17621	1
17637	1
17638	1
17645	1
17646	1
17647	1
17650	0
17651	0
17652	0
17653	0
17654	0
17655	0
17656	0
17657	0
17658	0
17659	0
17660	0
17661	0
17678	1
17682	1
17683	1
17707	1
17708	1
17709	1
17723	1
17730	1
17731	1
17732	1
17737	1
17744	1
17749	0
17751	1
17754	1
17766	1
17767	1
17788	1
17790	0
17810	0
17814	1
17821	0
17822	0
17823	0
17824	0
17831	0
17832	0
17833	0
17834	0
17835	0
17849	1
17856	1
17857	1
17859	1
17867	0
17869	1
17887	1
17888	1
17901	0
17906	1
17907	1
17908	1
17909	1
17910	1
17914	1
17918	1
17928	0
17929	0
17934	0
17938	1
17951	0
17957	1
17958	1
17962	1
17966	1
17975	0
17976	1
17979	1
17996	1
17997	1
18004	1
18005	1
18007	1
18008	0
18009	0
18010	0
18011	0
18012	0
18013	0
18014	0
18015	0
18016	0
18017	0
18019	0
18026	0
18027	1
18032	1
18034	0
18036	1
18043	0
18051	1
18052	1
18054	1
18075	0
18076	1
18084	1
18089	1
18096	1
18099	1
18100	1
18115	0
18123	1
18127	1
18129	1
18132	0
18152	1
18163	0
18164	1
18165	1
18170	0
18175	1
18176	1
18178	1
18179	1
18182	1
18191	1
18192	1
18202	1
18203	1
18209	1
18210	1
18211	1
18218	1
18228	1
18231	1
18241	0
18245	0
18246	0
18248	1
18251	1
18257	1
18258	1
18267	1
18268	1
18279	0
18280	0
18294	1
18295	0
18299	1
18300	1
18305	1
18311	1
18313	1
18342	0
18353	1
18364	1
18367	0
18383	1
18393	1
18403	1
18404	1
18406	1
18426	1
18427	1
18437	0
18448	1
18451	0
18452	0
18495	1
18497	1
18502	0
18506	1
18507	1
18511	0
18512	0
18513	0
18514	0
18519	0
18520	0
18521	0
18522	1
18523	1
18524	1
18533	1
18537	1
18540	1
18543	1
18546	1
18549	1
18550	1
18561	1
18563	1
18573	1
18574	1
18575	1
18578	1
18582	0
18591	1
18594	1
18595	1
18603	1
18606	0
18625	1
18626	1
18631	1
18642	1
18647	1
18648	1
18653	1
18655	1
18661	1
18672	1
18675	1
18677	1
18704	1
18714	1
18718	0
18720	0
18721	0
18722	0
18751	1
18752	1
18762	1
18763	1
18772	1
18781	0
18785	1
18794	1
18799	1
18803	1
18811	0
18813	1
18816	1
18817	1
18852	0
18853	1
18867	1
18868	1
18899	1
18905	1
18907	1
18908	1
18909	1
18910	1
18920	1
18938	1
18945	1
18959	1
18960	1
18963	1
18965	1
18968	0
18969	1
18970	1
18971	1
18972	1
18974	0
18975	0
18976	0
18977	1
18978	1
18979	1
18980	1
18981	1
18983	0
18984	1
18985	1
18986	0
18987	0
18988	0
18989	0
18990	1
18991	1
18993	0
18995	0
18997	0
18998	1
19001	1
19005	0
19006	0
19010	1
19017	1
19026	1
19027	0
19028	1
19029	0
19030	1
19031	1
19032	1
19033	0
19035	1
19036	1
19037	0
19038	1
19039	1
19040	0
19041	1
19042	1
19043	0
19044	1
19045	1
19049	0
19051	0
19052	1
19053	1
19056	1
19057	1
19058	0
19059	0
19066	0
19067	0
19071	1
19072	0
19073	0
19085	1
19088	1
19095	1
19119	1
19129	0
19163	1
19178	0
19203	1
19207	1
19208	1
19210	1
19211	1
19212	0
19219	0
19221	1
19237	0
19249	1
19258	1
19259	1
19275	1
19276	1
19277	1
19278	1
19279	1
19280	1
19281	1
19284	1
19286	1
19292	1
19305	0
19312	1
19313	1
19326	1
19327	1
19339	1
19340	1
19356	0
19363	0
19372	1
19388	1
19399	1
19410	1
19414	1
19420	0
19421	0
19422	0
19428	1
19431	1
19437	1
19438	1
19442	1
19448	1
19452	1
19453	1
19458	1
19463	1
19468	1
19477	1
19500	0
19504	1
19507	1
19509	1
19527	0
19546	1
19547	1
19549	1
19550	1
19551	1
19552	1
19567	1
19607	1
19617	1
19626	1
19627	1
19646	0
19647	0
19652	1
19657	1
19658	1
19659	1
19661	1
19674	1
19675	1
19690	1
19691	1
19692	0
19693	1
19696	1
19700	1
19712	1
19714	1
19727	1
19728	1
19733	1
19741	1
19759	1
19765	1
19771	1
19772	1
19773	1
19774	1
19775	1
19776	1
19786	1
19790	1
19810	1
19822	1
19826	1
19832	0
19838	1
19839	1
19860	1
19870	1
19878	1
19910	1
19922	1
19932	1
19944	1
19945	0
19946	0
19947	0
19948	1
19949	0
19950	1
19951	0
19954	0
19955	0
19956	0
19957	0
19958	0
19959	0
19960	1
19966	1
19981	1
19984	0
19995	1
19996	1
19997	1
19998	1
19999	0
20000	0
20001	0
20002	1
20003	1
20004	1
20005	1
20006	1
20008	1
20009	1
20010	1
20013	0
20017	0
20018	0
20019	1
20020	1
20021	1
20022	1
20024	0
20025	0
20027	0
20028	0
20029	0
20030	0
20031	0
20032	1
20033	1
20034	1
20036	1
20038	1
20040	0
20041	0
20042	1
20043	1
20044	0
20045	1
20046	1
20047	1
20048	1
20049	1
20050	0
20051	0
20052	0
20053	0
20054	0
20055	1
20056	1
20057	1
20058	1
20059	1
20060	1
20061	1
20062	0
20066	0
20076	0
20077	0
20083	1
20087	0
20089	0
20090	0
20091	0
20092	0
20095	0
20099	1
20101	1
20103	0
20106	1
20118	1
20121	0
20122	0
20123	0
20124	0
20125	0
20130	1
20131	1
20135	1
20155	0
20156	0
20157	0
20168	0
20174	1
20175	1
20176	1
20177	0
20182	1
20183	1
20191	0
20192	0
20193	0
20194	0
20195	0
20197	0
20198	0
20202	0
20203	0
20204	0
20205	0
20206	0
20207	0
20208	0
20209	0
20210	0
20211	0
20212	0
20213	0
20214	0
20215	0
20216	0
20217	0
20218	0
20219	0
20225	0
20226	0
20227	0
20228	0
20229	0
20230	0
20231	0
20232	0
20233	0
20234	0
20235	0
20236	0
20238	1
20241	1
20242	1
20243	1
20244	1
20245	1
20246	1
20272	0
20273	1
20285	1
20286	1
20302	0
20303	0
20304	0
20305	0
20306	0
20307	0
20308	0
20309	0
20310	0
20311	0
20312	0
20313	0
20314	0
20315	0
20316	0
20317	0
20318	0
20319	0
20326	0
20337	1
20343	0
20344	0
20345	0
20347	0
20348	0
20367	0
20368	0
20371	0
20372	0
20373	1
20375	1
20378	1
20381	1
20384	1
20390	0
20399	1
20440	1
20445	1
20454	1
20457	0
20464	1
20475	0
20481	1
20484	0
20492	1
20494	1
20513	0
20530	0
20540	0
20544	1
20549	0
20555	0
20557	0
20558	1
20567	1
20568	1
20572	1
20575	1
20579	0
20584	1
20585	1
20590	1
20598	1
20607	1
20613	0
20618	0
20634	1
20635	1
20637	1
20640	1
20646	0
20656	1
20657	1
20665	1
20669	1
20670	1
20671	1
20672	1
20673	1
20674	1
20676	0
20689	1
20691	1
20695	1
20712	1
20713	1
20716	1
20720	1
20726	0
20733	1
20738	0
20742	1
20761	0
20762	1
20763	1
20780	1
20781	1
20794	1
20811	0
20814	0
20826	1
20836	1
20841	1
20862	1
20875	1
20882	1
20901	1
20920	1
20921	1
20923	1
20926	1
20941	0
20942	1
20945	1
20993	0
21006	0
21009	1
21015	1
21017	1
21018	1
21020	1
21023	1
21025	1
21026	1
21028	1
21031	1
21044	0
21067	1
21077	1
21081	1
21083	1
21088	1
21094	0
21095	1
21101	0
21105	0
21108	0
21111	1
21112	1
21116	0
21140	1
21141	1
21142	1
21152	1
21153	1
21161	0
21169	1
21178	1
21180	1
21182	1
21194	1
21195	1
21229	1
21232	1
21233	1
21236	1
21238	0
21248	1
21250	1
21259	0
21261	1
21279	1
21287	1
21300	1
21303	1
21312	1
21321	1
21328	1
21353	1
21354	1
21364	1
21385	1
21395	1
21399	1
21406	0
21408	1
21409	0
21425	1
21429	1
21436	1
21445	1
21449	1
21456	1
21472	1
21474	1
21538	1
21544	1
21553	0
21566	1
21567	1
21571	1
21572	1
21582	0
21600	1
21601	1
21602	0
21603	0
21610	0
21611	1
21613	0
21616	0
21623	0
21628	1
21637	1
21646	1
21659	1
21660	1
21664	1
21666	1
21667	0
21677	1
21678	1
21680	0
21683	0
21689	0
21700	0
21730	0
21733	1
21735	0
21740	1
21743	0
21766	1
21784	1
21785	1
21786	1
21787	0
21788	0
21791	1
21808	1
21809	1
21820	0
21821	0
21826	1
21832	1
21833	1
21842	1
21848	1
21852	1
21856	0
21868	0
21871	1
21886	1
21887	1
21888	1
21889	1
21891	1
21894	1
21899	1
21910	0
21915	1
21919	1
21921	0
21930	0
21931	0
21940	1
21953	1
21958	1
21959	1
21973	1
21974	1
21977	0
21978	0
21980	0
21995	1
22005	1
22009	1
22011	1
22028	1
22032	1
22049	0
22052	1
22056	1
22063	0
22073	0
22074	0
22075	0
22076	0
22077	0
22081	0
22082	0
22106	0
22125	0
22127	1
22133	1
22134	1
22145	1
22146	1
22153	1
22154	1
22155	1
22162	0
22169	1
22185	1
22212	1
22213	1
22216	1
22217	1
22225	1
22237	1
22249	1
22263	1
22280	1
22281	1
22282	1
22283	0
22296	0
22308	1
22315	1
22324	1
22325	1
22335	1
22342	1
22343	0
22369	1
22393	0
22394	0
22395	0
22405	1
22427	0
22433	1
22434	1
22448	1
22469	1
22470	1
22475	1
22477	1
22480	0
22482	0
22498	0
22499	0
22502	0
22506	0
22507	1
22514	0
22518	1
22520	1
22521	1
22522	1
22553	1
22559	1
22561	1
22562	1
22563	1
22568	0
22569	0
22570	1
22575	1
22595	1
22602	1
22632	1
22633	1
22634	1
22637	1
22638	1
22639	1
22640	1
22644	1
22646	1
22650	0
22656	0
22657	0
22660	1
22661	0
22662	0
22664	1
22665	1
22668	0
22669	0
22671	1
22675	0
22676	0
22696	1
22704	1
22706	1
22713	1
22716	0
22717	0
22718	0
22722	0
22724	0
22725	1
22726	1
22727	1
22729	0
22731	1
22732	1
22733	0
22735	1
22736	1
22739	1
22740	0
22750	1
22760	1
22772	1
22781	1
22785	1
22790	1
22793	1
22800	1
22801	1
22811	0
22822	1
22829	0
22830	0
22848	0
22855	1
22856	1
22858	1
22860	1
22865	1
22879	1
22884	1
22890	1
22891	1
22896	1
22899	1
22903	1
22911	0
22918	1
22919	1
22920	1
22940	1
22942	1
22943	1
22962	0
22966	0
22971	1
22972	1
23001	0
23003	1
23007	1
23012	0
23013	1
23014	1
23022	1
23035	1
23039	1
23046	1
23069	1
23075	1
23108	1
23109	1
23118	0
23122	1
23123	1
23139	0
23146	1
23147	1
23148	1
23149	1
23150	1
23151	1
23159	1
23162	1
23169	0
23181	1
23189	1
23192	1
23202	1
23205	1
23224	1
23234	1
23240	1
23242	0
23246	1
23257	1
23258	1
23259	0
23260	0
23261	1
23271	1
23275	0
23276	0
23280	1
23295	1
23297	1
23301	1
23302	1
23303	1
23304	1
23306	1
23308	0
23332	0
23333	0
23334	0
23335	1
23336	1
23340	1
23352	1
23353	1
23372	1
23375	1
23377	0
23378	0
23379	0
23391	1
23398	1
23405	1
23425	1
23429	1
23430	1
23436	1
23440	1
23443	1
23450	1
23464	0
23465	1
23473	1
23474	1
23480	1
23490	1
23491	1
23499	1
23500	1
23504	1
23513	1
23515	1
23520	1
23532	0
23545	1
23550	1
23553	0
23555	0
23567	1
23569	1
23570	1
23574	1
23575	1
23589	1
23599	1
23600	1
23610	1
23612	1
23615	1
23619	0
23620	0
23624	0
23626	0
23629	1
23630	1
23631	0
23632	0
23647	0
23650	0
23652	0
23658	1
23659	1
23660	1
23665	1
23667	0
23668	1
23675	1
23676	1
23677	0
23683	1
23690	1
23692	1
23693	1
23696	1
23697	1
23707	1
23715	1
23716	0
23734	0
23735	1
23743	0
23744	0
23752	0
23753	1
23755	1
23763	0
23764	1
23782	0
23783	1
23808	1
23812	1
23814	1
23821	1
23858	1
23859	1
23877	1
23879	1
23886	1
23890	1
23910	1
23921	0
23922	0
23923	1
23924	1
23933	0
23949	1
23954	1
23956	0
23972	1
23980	1
23984	1
23985	1
23990	1
23995	1
24012	1
24015	1
24019	0
24046	0
24065	0
24070	0
24072	1
24073	1
24083	1
24088	1
24093	1
24094	1
24099	0
24139	1
24140	1
24162	1
24171	1
24172	1
24174	1
24188	1
24191	1
24192	1
24202	0
24205	1
24206	1
24209	1
24215	0
24217	1
24219	1
24222	1
24227	0
24228	0
24241	1
24258	0
24263	1
24272	1
24273	0
24283	1
24291	0
24292	0
24293	0
24304	0
24306	0
24313	0
24317	1
24323	0
24324	0
24329	0
24330	0
24333	1
24336	0
24337	0
24353	1
24358	1
24372	1
24388	1
24397	0
24399	1
24403	1
24404	1
24410	1
24412	1
24434	1
24444	1
24462	0
24463	0
24476	1
24504	0
24505	0
24506	1
24507	1
24508	0
24513	1
24517	1
24519	1
24520	1
24527	1
24532	1
24538	1
24539	1
24544	1
24547	1
24548	1
24552	1
24554	0
24555	0
24556	0
24559	1
24560	1
24563	1
24564	1
24567	1
24570	0
24571	0
24572	0
24573	0
24574	0
24575	1
24586	1
24590	1
24591	1
24592	1
24627	0
24628	0
24629	0
24647	1
24650	1
24660	1
24664	0
24665	0
24666	1
24676	1
24679	0
24686	1
24687	1
24693	1
24701	0
24704	1
24705	1
24706	1
24709	0
24713	1
24714	0
24715	0
24720	0
24723	0
24724	0
24727	0
24729	1
24730	0
24734	0
24738	1
24762	1
24764	1
24787	1
24788	1
24792	1
24802	1
24803	1
24807	1
24808	1
24824	1
24827	0
24834	1
24847	1
24850	1
24859	0
24866	1
24883	1
24896	1
24897	1
24902	0
24903	0
24904	0
24905	0
24906	0
24907	0
24908	0
24909	0
24910	0
24911	0
24912	0
24913	0
24914	0
24915	0
24916	0
24917	0
24918	0
24919	0
24920	0
24921	0
24922	0
24923	0
24924	0
24925	0
24926	0
24927	0
24928	0
24929	0
24930	0
24931	0
24932	0
24933	0
24934	0
24935	0
24936	0
24937	0
24938	0
24939	0
24940	0
24941	0
24942	0
24943	0
24944	0
24945	0
24946	0
24947	0
24948	0
24949	0
24950	0
24951	0
24952	0
24953	0
24954	0
24955	0
24956	0
24957	0
24958	0
24959	1
24960	0
24961	0
24962	0
24963	0
24964	0
24965	0
24966	0
24967	0
24968	0
24969	0
24970	0
24971	0
24972	0
24973	0
24974	0
24980	0
24981	0
24982	0
24984	0
24985	0
24986	0
24992	0
24999	1
25000	0
25001	0
25002	0
25003	0
25004	0
25006	0
25029	0
25031	0
25040	1
25043	0
25046	1
25050	1
25051	1
25052	1
25059	1
25060	1
25061	1
25064	1
25075	1
25083	1
25085	0
25086	0
25087	0
25091	0
25094	1
25098	1
25109	1
25113	0
25131	1
25139	1
25144	0
25147	1
25160	1
25167	1
25168	1
25171	0
25177	0
25180	0
25208	1
25212	1
25214	0
25227	1
25231	0
25232	0
25236	1
25246	1
25266	1
25268	1
25274	0
25277	1
25278	1
25282	0
25291	1
25292	0
25293	1
25351	0
25358	1
25360	1
25362	1
25370	1
25380	0
25396	0
25405	1
25406	1
25411	1
25412	1
25432	1
25454	1
25456	1
25457	1
25486	0
25509	1
25512	1
25518	1
25519	1
25521	0
25525	0
25534	1
25544	1
25555	1
25556	0
25557	0
25560	0
25561	0
25562	0
25563	1
25564	0
25566	0
25567	0
25577	0
25589	0
25603	0
25609	1
25610	1
25613	1
25614	1
25615	1
25616	1
25617	1
25618	1
25619	0
25620	1
25621	1
25624	1
25625	1
25627	0
25628	0
25629	1
25630	0
25631	0
25632	1
25634	1
25637	1
25638	1
25639	1
25642	1
25645	0
25646	0
25647	0
25651	1
25653	1
25659	1
25663	0
25666	0
25667	0
25668	0
25669	0
25670	0
25671	0
25672	0
25673	0
25675	1
25677	0
25682	0
25683	1
25686	0
25693	0
25717	0
25733	0
25734	0
25735	0
25736	0
25737	0
25738	0
25741	0
25742	0
25743	0
25744	0
25745	0
25746	0
25747	0
25748	0
25749	0
25750	0
25751	0
25752	0
25753	0
25754	0
25755	0
25756	0
25757	0
25758	0
25759	1
25771	1
25772	1
25777	1
25781	0
25786	1
25792	1
25794	1
25795	0
25796	0
25797	0
25798	0
25799	0
25800	0
25801	0
25802	0
25803	0
25804	0
25805	0
25806	0
25807	0
25808	0
25809	0
25810	0
25811	0
25812	0
25813	0
25814	0
25815	0
25816	0
25817	0
25818	0
25819	0
25820	0
25821	0
25822	0
25823	0
25838	1
25839	1
25848	0
25849	0
25850	0
25858	1
25859	1
25864	1
25867	1
25868	1
25881	0
25885	0
25886	1
25899	0
25924	1
25926	0
25927	0
25928	0
25929	0
25930	0
25931	0
25932	0
25933	0
25934	0
25935	0
25936	0
25937	0
25938	0
25939	0
25940	0
25941	0
25942	0
25943	0
25944	0
25945	0
25946	0
25947	0
25955	1
25956	1
25970	0
25971	0
25986	1
25987	1
25990	1
25991	1
25995	0
25996	0
25997	0
25998	0
25999	0
26000	0
26001	0
26002	0
26003	0
26004	0
26005	0
26006	0
26009	0
26010	0
26011	0
26012	0
26013	0
26014	0
26015	0
26016	0
26017	0
26018	0
26019	0
26020	0
26021	0
26022	0
26023	0
26024	0
26025	0
26026	0
26027	1
26028	1
26033	1
26053	0
26055	0
26057	0
26066	0
26067	0
26068	0
26069	0
26070	0
26071	0
26072	0
26073	0
26074	0
26075	0
26076	0
26098	1
26105	0
26115	1
26116	1
26117	1
26128	1
26129	1
26130	1
26132	1
26139	1
26140	0
26141	0
26142	0
26143	0
26144	0
26145	0
26146	0
26147	0
26148	0
26149	0
26150	0
26151	0
26152	0
26153	0
26154	0
26155	0
26156	0
26157	0
26158	0
26159	0
26160	0
26161	0
26164	0
26165	0
26166	0
26167	0
26168	0
26171	0
26172	1
26173	0
26174	0
26175	0
26176	1
26177	0
26178	0
26179	0
26180	1
26181	1
26182	1
26183	0
26185	0
26186	0
26187	0
26188	0
26189	1
26190	0
26191	0
26192	0
26194	0
26195	0
26196	0
26197	0
26198	1
26201	0
26202	0
26203	0
26206	0
26210	0
26221	0
26222	0
26223	0
26224	0
26225	0
26226	0
26227	0
26228	0
26229	0
26230	0
26231	0
26232	0
26233	0
26234	0
26235	0
26236	0
26237	0
26238	0
26239	0
26240	0
26241	0
26242	0
26243	0
26244	0
26245	0
26246	0
26254	1
26255	1
26256	0
26257	0
26258	0
26259	0
26260	0
26261	0
26262	0
26263	0
26264	0
26267	0
26268	0
26269	0
26275	0
26276	0
26277	0
26278	0
26279	0
26280	0
26281	0
26282	1
26283	0
26284	0
26285	0
26286	0
26287	0
26288	0
26289	0
26303	0
26304	0
26305	0
26306	0
26307	0
26312	1
26313	1
26316	0
26319	0
26320	0
26321	0
26322	0
26323	0
26326	0
26327	0
26328	0
26329	0
26330	0
26331	0
26332	0
26333	0
26334	0
26335	0
26336	0
26337	0
26338	0
26339	0
26340	0
26341	0
26342	0
26343	0
26344	0
26345	0
26346	0
26347	0
26348	0
26349	0
26350	0
26351	0
26352	0
26353	0
26354	0
26355	0
26356	0
26357	0
26358	0
26359	0
26360	0
26361	0
26362	0
26363	0
26364	0
26365	0
26366	0
26367	0
26368	0
26369	0
26370	0
26371	0
26372	0
26373	0
26374	0
26375	0
26376	0
26377	0
26378	0
26379	0
26380	1
26383	0
26388	0
26394	0
26395	0
26396	0
26397	0
26398	0
26403	0
26404	0
26405	0
26410	1
26422	1
26424	0
26425	0
26426	0
26427	0
26428	0
26429	0
26430	0
26431	0
26432	0
26433	0
26434	0
26435	0
26436	0
26437	0
26438	0
26439	0
26440	0
26441	0
26442	0
26443	0
26444	0
26445	0
26446	0
26447	0
26448	0
26449	0
26450	0
26451	0
26452	0
26453	0
26454	0
26455	0
26456	0
26457	0
26458	0
26459	0
26460	0
26461	0
26462	0
26463	0
26464	0
26465	0
26466	0
26467	0
26468	0
26469	0
26470	0
26471	0
26472	0
26473	0
26474	0
26475	0
26476	0
26477	0
26478	0
26479	0
26480	0
26481	0
26482	0
26483	0
26484	0
26485	0
26486	0
26487	0
26488	0
26489	0
26490	0
26491	0
26492	0
26493	0
26494	0
26495	0
26496	0
26497	0
26498	0
26499	0
26500	0
26501	0
26502	0
26503	0
26504	0
26505	0
26506	0
26507	0
26508	0
26509	0
26510	0
26511	0
26512	0
26513	0
26514	0
26515	0
26516	0
26517	0
26518	0
26519	0
26520	0
26521	0
26522	0
26523	0
26524	0
26525	0
26526	0
26527	0
26528	0
26529	0
26530	0
26531	0
26532	0
26533	0
26535	0
26537	0
26538	0
26539	0
26540	0
26541	0
26542	0
26543	0
26544	0
26545	0
26546	0
26547	0
26548	0
26549	0
26550	0
26551	0
26552	0
26553	0
26554	0
26555	0
26556	0
26557	0
26558	0
26559	0
26560	0
26561	0
26562	0
26563	0
26564	0
26565	0
26566	0
26567	1
26568	0
26569	0
26570	0
26571	0
26572	0
26573	0
26574	0
26575	0
26576	0
26577	0
26578	0
26579	0
26580	0
26581	0
26582	0
26584	0
26586	1
26589	0
26590	0
26591	0
26592	0
26593	0
26594	0
26595	0
26596	0
26597	0
26598	0
26599	0
26600	0
26601	0
26602	0
26603	0
26604	0
26605	0
26606	0
26607	0
26608	0
26609	0
26610	0
26611	0
26612	0
26613	0
26614	0
26615	0
26616	0
26617	0
26618	0
26619	0
26620	0
26621	0
26622	0
26623	0
26624	0
26625	0
26626	0
26627	0
26628	0
26629	0
26630	0
26631	0
26632	0
26633	0
26634	0
26635	0
26636	0
26637	0
26638	0
26639	0
26640	0
26641	0
26642	0
26643	0
26644	0
26645	0
26646	0
26647	0
26648	0
26649	0
26650	0
26651	0
26652	0
26653	0
26654	0
26655	0
26656	0
26657	0
26658	0
26659	0
26660	0
26661	0
26662	0
26663	0
26664	0
26665	0
26666	0
26667	0
26668	0
26669	0
26670	0
26671	0
26672	0
26673	0
26674	0
26675	0
26676	0
26677	0
26678	0
26679	0
26680	0
26681	0
26682	0
26683	0
26684	0
26685	0
26686	0
26687	0
26688	0
26689	0
26690	0
26691	0
26692	0
26693	0
26694	0
26695	0
26696	0
26697	0
26698	0
26699	0
26700	0
26707	1
26712	0
26713	0
26714	0
26715	0
26716	0
26717	0
26718	0
26719	0
26720	0
26721	0
26724	0
26725	0
26726	0
26727	0
26728	0
26729	0
26730	0
26731	0
26732	0
26733	0
26734	0
26735	0
26736	0
26737	0
26738	0
26739	0
26750	0
26755	0
26756	0
26782	1
26784	1
26792	1
26795	0
26798	1
26801	1
26806	0
26807	1
26814	0
26816	1
26832	0
26833	0
26834	0
26835	0
26836	0
26837	0
26838	0
26847	0
26855	0
26856	0
26857	0
26858	0
26859	0
26861	0
26862	0
26863	1
26864	1
26872	0
26874	0
26878	1
26892	1
26899	1
26904	1
26920	1
26921	1
26926	1
26945	1
26952	1
26965	1
27124	0
27127	1
27128	1
27154	1
27159	1
27161	1
27166	0
27168	0
27169	1
27179	1
27180	1
27187	1
27188	0
27189	0
27191	0
27205	1
27217	1
27230	0
27232	1
27242	0
27243	0
27254	0
27257	0
27258	0
27261	0
27262	1
27264	1
27266	0
27267	0
27271	1
27274	0
27293	0
27294	0
27295	0
27303	0
27305	0
27306	0
27315	1
27316	1
27331	0
27332	0
27337	1
27345	0
27346	0
27356	0
27357	0
27358	0
27366	1
27371	1
27379	1
27380	1
27389	1
27390	1
27391	1
27392	1
27393	1
27396	1
27400	1
27425	1
27430	1
27439	1
27440	1
27453	0
27454	0
27463	0
27465	0
27466	0
27470	0
27480	0
27483	1
27484	1
27485	1
27488	1
27489	1
27521	0
27522	0
27523	0
27524	1
27542	1
27543	1
27546	0
27547	1
27550	1
27560	1
27561	1
27594	0
27597	1
27609	0
27610	1
27624	1
27635	1
27659	1
27668	0
27669	0
27670	0
27680	0
27681	1
27684	0
27686	1
27697	1
27700	0
27704	1
27705	1
27706	1
27707	1
27717	0
27730	1
27739	1
27745	0
27750	1
27755	0
27756	0
27757	0
27758	0
27759	0
27760	0
27761	0
27762	0
27766	0
27767	0
27794	0
27813	1
27842	1
27850	1
27851	1
27865	1
27873	1
27874	1
27889	1
27908	1
27913	1
27920	0
27926	1
27927	1
27939	1
27942	1
27944	1
27948	1
27949	0
27950	0
27957	1
27973	1
27983	0
27990	1
27997	1
27998	1
27999	1
28000	1
28001	1
28002	1
28003	1
28008	0
28010	0
28011	0
28012	0
28013	0
28018	1
28039	0
28049	1
28050	1
28055	1
28058	1
28064	1
28068	1
28087	0
28088	0
28091	0
28101	1
28109	1
28137	0
28149	0
28159	1
28160	1
28201	0
28202	0
28211	1
28215	0
28231	1
28235	1
28236	1
28239	0
28254	0
28264	1
28265	1
28266	1
28297	1
28299	0
28313	1
28334	0
28336	1
28342	1
28344	1
28352	1
28353	0
28356	0
28359	1
28389	1
28397	1
28398	1
28412	0
28418	1
28419	1
28431	1
28467	1
28468	1
28495	0
28499	1
28508	1
28511	1
28537	1
28538	1
28553	1
28559	1
28560	1
28564	1
28569	0
28573	1
28580	1
28585	1
28586	1
28591	1
28592	1
28596	1
28630	0
28631	0
28646	1
28647	1
28648	1
28653	1
28670	1
28671	1
28677	1
28682	1
28683	1
28689	1
28692	1
28710	1
28722	1
28724	1
28729	0
28731	0
28756	0
28761	1
28764	1
28765	1
28776	0
28777	0
28778	0
28781	1
28791	1
28797	1
28814	1
28817	1
28819	1
28820	1
28825	0
28826	0
28827	0
28828	0
28830	1
28835	0
28843	1
28846	1
28855	0
28864	0
28871	0
28881	1
28895	1
28898	1
28899	1
28901	1
28902	1
28904	1
28905	1
28906	1
28907	1
28909	1
28915	1
28931	1
28933	1
28934	1
28940	0
28941	0
28946	1
28958	0
28959	0
28962	1
28974	1
28977	1
28986	1
28988	1
28997	1
29020	1
29024	1
29029	1
29034	1
29035	1
29044	0
29046	0
29047	0
29048	1
29049	0
29051	1
29052	0
29065	1
29080	1
29081	1
29110	1
29120	0
29121	0
29122	0
29123	0
29132	1
29138	1
29145	0
29146	0
29153	0
29154	0
29156	1
29157	0
29158	0
29166	0
29167	0
29182	1
29183	0
29184	0
29187	0
29188	0
29199	1
29217	1
29220	0
29223	0
29224	0
29226	0
29236	0
29238	0
29245	1
29250	1
29254	1
29264	1
29266	1
29279	0
29280	0
29281	0
29282	0
29283	0
29284	0
29285	0
29303	1
29310	0
29311	1
29313	1
29327	1
29338	0
29339	0
29340	0
29341	0
29342	0
29343	0
29344	0
29346	0
29347	0
29348	0
29349	1
29350	1
29358	0
29367	0
29374	0
29376	0
29379	1
29382	1
29386	0
29411	0
29444	1
29458	1
29479	1
29480	0
29482	0
29483	0
29488	1
29491	0
29496	0
29499	1
29500	1
29501	1
29502	1
29509	0
29510	0
29511	1
29512	0
29513	0
29518	0
29520	0
29526	0
29534	1
29544	0
29546	0
29547	0
29548	0
29549	0
29550	0
29551	0
29552	0
29556	0
29571	0
29580	1
29591	1
29623	1
29632	1
29634	1
29640	0
29647	0
29671	1
29672	1
29673	1
29683	1
29684	0
29685	1
29686	1
29687	0
29688	0
29689	0
29690	0
29691	1
29697	1
29699	0
29700	1
29701	0
29720	1
29721	1
29736	1
29737	1
29740	0
29741	0
29743	1
29748	1
29753	0
29756	0
29757	0
29758	0
29759	0
29760	0
29761	0
29762	0
29767	1
29768	1
29769	0
29771	1
29774	1
29775	0
29779	0
29780	1
29785	0
29787	0
29791	0
29797	1
29798	1
29802	0
29803	0
29806	0
29807	0
29808	1
29810	1
29811	1
29812	1
29815	0
29819	0
29820	0
29821	0
29822	0
29823	0
29824	0
29825	0
29826	0
29827	0
29828	0
29829	0
29830	0
29831	0
29832	0
29833	0
29834	0
29838	1
29839	0
29842	1
29843	1
29846	1
29847	0
29854	1
29855	1
29856	1
29858	1
29859	0
29866	0
29867	0
29874	0
29875	0
29876	0
29886	1
29887	1
29888	0
29898	0
29901	0
29902	0
29904	0
29905	0
29906	0
29912	0
29922	0
29926	0
29927	0
29928	0
29933	0
29934	0
29935	0
29936	0
29937	0
29939	0
29940	0
29941	0
29942	0
29943	0
29944	0
29945	0
29946	0
29947	0
29948	0
29949	0
29950	0
29951	0
29952	0
29953	0
29954	0
29955	0
29956	0
29957	0
29958	0
29959	0
29960	1
29961	0
29962	0
29963	0
29964	0
29965	0
29966	0
29967	0
29968	1
29969	0
29970	0
29971	0
29972	0
29973	0
29974	0
29975	1
29976	0
29977	0
29978	0
29979	0
29980	0
29981	0
29982	1
29983	0
29984	0
29985	0
29986	0
29987	0
29988	0
29989	0
29990	0
29991	0
29992	0
29993	1
29994	0
29995	0
29996	0
29997	0
29998	0
29999	0
30002	0
30003	0
30004	0
30005	0
30006	0
30007	0
30008	0
30009	0
30010	0
30016	1
30017	0
30018	0
30023	0
30026	0
30027	0
30030	1
30034	0
30035	0
30039	0
30041	0
30042	0
30043	0
30046	0
30050	1
30060	0
30062	1
30065	1
30066	1
30075	0
30076	0
30077	0
30084	0
30086	0
30087	0
30090	1
30094	0
30104	0
30109	0
30110	0
30116	0
30119	0
30122	0
30123	0
30124	0
30128	0
30140	0
30141	0
30152	1
30160	1
30163	0
30173	1
30174	0
30175	1
30176	1
30177	0
30178	0
30179	0
30180	1
30183	0
30185	0
30186	0
30208	1
30209	1
30210	1
30224	1
30225	1
30226	0
30253	1
30267	1
30271	1
30300	1
30304	1
30322	1
30332	1
30337	1
30343	1
30387	1
30391	1
30398	1
30404	1
30412	1
30413	1
30418	1
30431	0
30433	0
30436	0
30437	0
30443	1
30444	1
30453	1
30454	1
30455	0
30471	1
30501	1
30502	1
30503	1
30508	1
30509	1
30513	0
30517	1
30528	1
30529	1
30545	1
30546	1
30552	1
30554	1
30555	0
30558	1
30559	1
30561	1
30568	1
30569	1
30571	1
30574	1
30578	1
30581	0
30593	1
30603	0
30614	1
30615	1
30623	1
30637	1
30647	1
30648	1
30660	1
30666	1
30671	1
30674	1
30679	1
30708	1
30710	1
30713	1
30714	1
30717	1
30719	0
30744	1
30745	1
30750	1
30777	0
30779	1
30781	1
30784	1
30789	1
30790	1
30824	1
30844	1
30847	0
30849	1
30852	0
30857	0
30879	1
30882	1
30883	1
30884	1
30890	1
30895	1
30911	1
30914	0
30915	0
30916	0
30926	0
30927	0
30928	0
30929	0
30930	0
30931	0
30932	0
30933	0
30934	0
30935	0
30945	1
30952	0
30959	1
30966	0
30968	0
30969	0
30970	0
30972	1
30973	1
30978	1
30986	0
30991	1
30993	1
30994	0
30997	1
31006	1
31016	0
31018	1
31024	0
31025	1
31029	1
31039	1
31040	1
31046	1
31049	0
31051	0
31053	1
31054	1
31079	0
31080	1
31088	1
31091	1
31097	1
31099	1
31102	1
31103	1
31104	1
31121	1
31122	1
31124	1
31134	1
31144	1
31145	1
31147	0
31148	0
31149	0
31156	1
31195	1
31200	1
31205	1
31209	1
31213	1
31216	0
31217	1
31218	1
31223	1
31224	1
31226	1
31227	1
31228	1
31230	0
31235	0
31237	0
31238	0
31239	0
31243	1
31244	0
31247	0
31248	0
31256	0
31257	0
31258	0
31259	0
31260	1
31261	0
31262	0
31264	0
31265	1
31266	1
31278	0
31283	1
31284	1
31285	0
31286	0
31287	0
31288	1
31289	0
31301	0
31303	0
31306	0
31315	0
31316	1
31321	0
31322	0
31328	1
31329	1
31330	1
31340	0
31341	0
31344	0
31354	1
31363	1
31364	1
31368	1
31375	0
31379	1
31380	1
31381	0
31384	1
31403	1
31404	1
31406	0
31407	0
31416	1
31417	1
31422	1
31426	0
31427	0
31428	0
31436	1
31448	1
31450	0
31451	1
31456	1
31457	1
31458	0
31459	0
31461	1
31463	1
31465	1
31469	0
31470	1
31471	1
31472	1
31475	1
31478	1
31485	1
31496	0
31497	1
31498	1
31499	1
31503	1
31504	1
31506	1
31513	1
31514	1
31527	0
31529	0
31538	1
31548	1
31549	0
31550	0
31556	0
31560	0
31561	0
31562	0
31563	0
31564	0
31565	0
31566	0
31572	0
31574	1
31579	0
31582	1
31583	1
31584	1
31585	1
31587	1
31591	0
31592	0
31596	0
31604	1
31615	0
31621	0
31622	0
31623	0
31624	0
31625	1
31626	0
31627	0
31628	0
31629	0
31630	0
31634	0
31647	0
31652	0
31653	1
31654	0
31655	0
31656	0
31657	0
31667	0
31675	0
31687	1
31688	1
31726	1
31730	0
31734	0
31739	0
31740	0
31741	1
31783	1
31803	0
31804	0
31814	0
31847	1
31857	1
31858	1
31859	1
31866	1
31867	1
31871	0
31877	0
31879	0
31880	0
31898	1
31901	1
31904	0
31905	0
31914	0
31915	0
31920	0
31925	0
31938	1
31949	1
31954	0
31955	0
31957	0
31958	0
31960	1
31986	1
31987	1
31993	1
32012	1
32017	0
32019	1
32020	1
32023	1
32028	0
32029	0
32055	0
32056	0
32060	1
32066	0
32068	0
32075	1
32089	1
32091	1
32092	0
32093	0
32094	0
32095	0
32107	0
32108	0
32109	0
32111	0
32113	0
32120	0
32121	0
32122	0
32125	0
32132	1
32133	1
32134	1
32135	1
32136	1
32138	1
32139	0
32143	1
32149	1
32155	0
32158	0
32159	1
32160	1
32161	1
32162	0
32166	1
32171	1
32186	1
32198	0
32199	1
32229	1
32251	1
32256	0
32257	0
32260	1
32261	1
32262	0
32273	1
32276	1
32289	0
32290	0
32292	1
32295	0
32296	0
32297	0
32298	0
32322	0
32325	0
32330	0
32339	0
32340	0
32341	0
32342	0
32343	0
32349	0
32354	1
32355	1
32356	1
32359	1
32360	0
32367	1
32404	1
32405	1
32406	0
32407	0
32437	1
32438	1
32444	1
32467	1
32468	1
32470	0
32471	0
32489	1
32492	1
32499	0
32517	1
32522	1
32523	1
32542	1
32546	1
32559	1
32570	0
32576	0
32578	0
32579	0
32581	1
32614	1
32615	0
32618	1
32626	1
32627	1
32628	1
32629	1
32630	1
32631	1
32638	1
32650	1
32651	0
32653	1
32660	0
32666	1
32667	1
32668	1
32674	1
32677	0
32678	1
32694	1
32705	1
32718	1
32722	1
32725	1
32726	1
32730	0
32738	1
32753	0
32768	1
32775	1
32778	1
32779	0
32784	0
32785	0
32791	0
32792	0
32793	0
32800	0
32828	0
32831	0
32833	1
32834	1
32843	1
32856	0
32858	0
32859	0
32869	1
32891	1
32902	0
32918	1
32931	1
32932	1
32953	1
32959	0
32965	1
32984	0
33000	0
33005	1
33010	1
33012	1
33013	1
33014	1
33017	1
33018	1
33019	1
33020	1
33025	1
33051	1
33055	0
33056	1
33060	1
33063	1
33069	1
33070	1
33071	0
33072	0
33073	0
33075	1
33081	1
33083	1
33093	1
33094	1
33108	0
33116	0
33126	1
33139	0
33140	0
33171	1
33179	0
33191	1
33192	0
33203	0
33207	1
33219	1
33221	0
33240	0
33241	0
33242	0
33243	0
33246	0
33247	0
33249	0
33251	0
33258	1
33259	1
33266	1
33275	1
33276	1
33303	1
33304	1
33308	0
33310	0
33311	1
33312	1
33340	1
33349	1
33385	1
33393	0
33395	0
33397	1
33398	0
33400	0
33401	1
33406	1
33407	1
33408	0
33414	1
33424	1
33436	1
33444	1
33448	1
33450	1
33452	1
33453	0
33454	0
33455	0
33456	0
33457	0
33458	0
33459	0
33460	0
33461	0
33462	0
33463	0
33464	0
33465	0
33466	0
33469	0
33470	0
33471	0
33472	0
33473	0
33474	0
33477	0
33483	1
33492	1
33496	0
33497	0
33498	0
33509	0
33511	0
33512	0
33515	0
33523	0
33532	0
33535	0
33536	0
33537	0
33541	1
33542	0
33549	1
33551	1
33553	0
33560	1
33565	1
33566	0
33568	1
33573	0
33575	1
33576	1
33579	0
33580	1
33588	0
33589	0
33594	1
33596	0
33597	0
33607	0
33615	0
33618	0
33619	0
33620	0
33630	0
33631	1
33632	1
33641	1
33652	1
33654	0
33656	1
33657	1
33658	1
33659	1
33660	1
33661	1
33662	1
33663	1
33664	1
33665	1
33666	1
33667	1
33668	1
33671	1
33672	1
33673	1
33674	1
33675	1
33676	1
33679	0
33681	1
33688	1
33689	1
33695	1
33696	1
33697	1
33700	0
33705	0
33706	1
33710	0
33711	0
33712	0
33713	0
33714	0
33715	0
33726	1
33728	1
33735	1
33736	0
33737	0
33742	1
33748	0
33749	0
33751	0
33752	0
33765	1
33766	1
33768	1
33769	0
33777	1
33779	0
33787	1
33788	1
33799	1
33800	1
33803	1
33817	0
33818	0
33819	0
33835	1
33836	1
33842	0
33848	1
33856	1
33857	1
33860	1
33861	1
33865	0
33871	0
33874	1
33880	1
33897	1
33903	1
33909	1
33910	1
33911	0
33912	0
33913	0
33915	1
33921	0
33922	0
33923	0
33926	1
33935	0
33955	0
33957	1
33959	1
33960	1
33961	1
33962	1
33963	1
33964	1
33965	1
33969	1
33970	1
33971	1
33972	1
33974	1
33975	1
33976	1
33981	1
33991	1
33993	1
34003	1
34004	1
34005	1
34009	0
34025	1
34037	1
34052	1
34072	0
34073	0
34074	0
34076	1
34087	1
34093	1
34094	1
34101	1
34102	1
34103	1
34104	1
34111	1
34114	1
34116	1
34120	0
34122	1
34152	1
34156	1
34164	1
34170	1
34175	1
34185	1
34186	1
34189	1
34191	1
34192	1
34197	1
34202	1
34208	1
34221	1
34230	1
34237	1
34246	0
34258	1
34261	1
34264	0
34265	1
34266	0
34272	1
34273	1
34282	1
34294	1
34299	1
34316	1
34318	1
34341	1
34343	1
34368	0
34370	1
34371	1
34388	0
34389	0
34392	1
34393	1
34413	1
34417	1
34420	0
34428	1
34429	1
34430	0
34433	1
34442	1
34447	0
34458	0
34459	0
34464	1
34483	0
34484	0
34485	0
34486	0
34487	0
34499	0
34500	0
34501	0
34502	0
34503	0
34504	0
34505	0
34506	0
34507	0
34508	0
34509	0
34510	0
34511	0
34512	0
34513	0
34514	0
34515	0
34516	0
34517	0
34518	0
34519	1
34522	1
34528	0
34529	0
34530	0
34531	0
34535	0
34536	1
34539	1
34551	0
34553	1
34554	1
34558	1
34562	0
34566	0
34569	0
34571	1
34575	1
34590	1
34591	1
34613	0
34614	0
34623	1
34624	1
34628	1
34635	0
34636	0
34638	0
34639	0
34645	0
34651	0
34652	0
34653	0
34661	1
34662	1
34677	1
34680	0
34682	1
34689	1
34690	1
34695	1
34697	1
34699	0
34702	1
34703	0
34705	0
34707	1
34708	1
34723	1
34724	1
34727	1
34730	1
34731	0
34737	1
34738	1
34757	1
34766	1
34767	1
34776	1
34781	1
34782	1
34785	0
34804	1
34812	1
34816	0
34824	0
34825	1
34826	1
34827	0
34828	0
34829	0
34831	0
34839	1
34857	1
34862	1
34868	1
34869	1
34882	1
34890	0
34891	1
34892	1
34893	0
34894	1
34908	1
34920	1
34935	0
34939	1
34940	1
34950	1
34957	1
34960	1
34964	1
34965	1
34971	0
34983	1
35035	0
35045	1
35048	1
35055	0
35061	0
35062	0
35090	1
35093	1
35094	1
35100	1
35102	1
35104	1
35106	1
35109	1
35114	1
35115	1
35117	1
35118	0
35122	0
35130	1
35133	1
35134	1
35135	1
35149	1
35169	1
35172	1
35173	0
35175	0
35180	1
35182	1
35183	1
35190	0
35206	1
35207	1
35212	1
35220	1
35221	1
35228	1
35245	1
35276	1
35282	1
35285	1
35286	1
35293	0
35300	1
35308	0
35309	0
35310	0
35312	1
35313	1
35314	1
35325	1
35332	1
35342	1
35348	0
35358	0
35359	0
35360	0
35361	1
35362	1
35363	1
35370	1
35393	0
35394	0
35395	1
35408	1
35409	1
35410	1
35420	1
35422	1
35423	1
35432	0
35435	1
35436	1
35437	1
35448	1
35449	1
35456	1
35475	1
35476	1
35486	1
35505	0
35520	1
35521	0
35525	0
35526	1
35527	1
35529	1
35533	0
35534	1
35542	1
35543	1
35545	0
35546	0
35549	0
35565	1
35566	1
35569	1
35572	1
35573	1
35575	1
35576	1
35577	1
35585	0
35588	1
35589	1
