1849
1723
2054
1978
1892
1847
1797
2123
1813
503
2311
2100
604
188
2535
1996
2030
2681
2597
2609
1726
2152
270
2080
339
183
2470
2168
1916
1739
2180
2268
1801
359
548
2562
2593
1786
369
1881
2088
2453
116
2004
593
1903
1964
134
602
282
372
181
2287
2050
552
2335
98
2279
1891
464
2095
561
2680
2405
2461
2523
2354
2025
438
420
2330
145
551
484
1761
1805
480
151
1972
2068
2142
162
1906
1764
1835
1917
553
2515
74
2610
6
2192
252
474
1953
2026
2702
1968
42
2606
2626
2419
1734
2103
1771
2269
2557
1998
2122
2488
599
2496
182
2646
2505
500
2028
412
1827
2086
481
2322
302
2023
2024
2158
550
384
2586
1785
468
358
1710
1750
527
2154
1975
1754
2144
2428
