5	1
8	1
9	0
11	0
12	1
25	0
28	1
32	0
34	1
39	0
43	0
51	1
53	1
63	1
76	0
88	1
95	1
97	1
102	1
107	1
114	1
117	0
129	0
133	0
144	1
152	1
154	1
155	0
156	0
157	0
178	0
179	1
193	1
195	1
197	0
204	1
207	0
211	0
212	1
216	1
224	0
229	0
235	0
237	1
243	1
244	1
250	0
256	1
257	0
261	0
271	1
275	1
276	1
288	0
292	1
300	1
309	1
321	1
323	0
324	0
326	1
327	1
330	0
340	1
349	1
355	0
356	1
357	0
362	1
363	1
373	1
399	1
402	1
413	1
421	1
422	0
424	0
428	0
431	1
434	0
436	0
451	1
452	1
457	1
463	1
468	1
470	1
471	1
474	0
476	1
482	1
484	0
487	0
494	1
496	1
500	1
510	1
511	0
519	0
521	1
529	0
531	0
533	1
542	0
545	0
565	1
566	1
571	0
592	1
595	1
607	0
609	1
610	0
618	0
628	0
630	0
636	1
638	0
642	1
643	1
661	0
663	1
666	0
669	0
670	0
675	1
676	1
690	0
696	0
698	1
706	0
710	1
717	0
721	1
723	0
724	0
725	1
738	1
743	1
749	1
769	0
770	1
778	0
783	1
784	1
799	1
800	0
804	0
816	1
820	1
825	0
834	1
837	0
851	0
855	1
856	0
862	1
869	1
890	0
893	0
922	1
929	0
934	1
935	1
938	1
943	0
944	1
952	1
960	0
962	1
967	0
968	0
975	1
979	0
981	1
982	0
984	1
998	0
999	1
1005	1
1009	1
1017	1
1025	1
1037	1
1038	0
1047	0
1050	1
1063	0
1068	0
1075	0
1080	0
1083	1
1103	1
1104	1
1106	0
1108	1
1132	1
1143	1
1144	0
1145	1
1150	1
1152	1
1153	0
1154	0
1155	0
1171	0
1173	1
1174	0
1191	1
1203	1
1205	0
1208	1
1216	0
1235	1
1237	0
1240	0
1242	0
1246	0
1252	0
1257	1
1277	1
1295	0
1296	0
1298	1
1300	0
1305	0
1306	0
1316	0
1319	1
1328	1
1329	1
1334	1
1335	1
1340	0
1341	0
1342	0
1347	0
1351	0
1353	1
1354	1
1357	0
1368	1
1373	0
1381	0
1386	1
1392	1
1396	1
1400	0
1413	1
1417	1
1420	0
1423	0
1428	0
1430	0
1442	1
1444	1
1445	1
1448	1
1466	1
1474	1
1477	1
1499	1
1509	1
1515	1
1528	1
1529	1
1536	0
1537	0
1538	0
1539	0
1543	1
1548	0
1551	0
1552	1
1556	0
1561	1
1562	0
1573	1
1574	0
1575	0
1588	0
1589	1
1590	0
1595	1
1599	1
1600	1
1610	1
1612	0
1627	1
1632	1
1634	1
1641	0
1644	1
1651	0
1656	0
1675	1
1683	0
1689	1
1691	1
1696	1
1698	1
1704	0
1710	0
1717	0
1729	1
1730	1
1731	0
1736	0
1745	0
1748	0
1751	0
1754	1
1756	1
1761	1
1763	1
1768	1
1769	1
1770	0
1778	1
1781	1
1784	1
1796	0
1797	1
1801	1
1804	1
1806	1
1808	0
1809	0
1810	1
1813	1
1822	0
1823	0
1842	1
1853	0
1855	0
1866	0
1867	0
1872	0
1880	1
1883	1
1890	1
1897	1
1900	0
1906	1
1913	0
1923	1
1931	1
1932	0
1941	0
1943	1
1944	0
1953	1
1956	0
1973	1
1988	1
1990	0
1992	0
1998	1
2000	1
2003	1
2004	0
2011	1
2016	1
2017	1
2021	1
2023	1
2024	1
2035	1
2041	0
2046	0
2049	1
2057	0
2063	1
2064	1
2066	1
2071	1
2086	0
2092	1
2095	0
2098	0
2100	0
2106	1
2108	0
2110	0
2113	0
2120	1
2127	0
2134	0
2136	0
2145	0
2158	1
2160	1
2167	0
2175	1
2177	0
2180	0
2185	1
2191	1
2192	0
2193	0
2195	0
2200	1
2202	1
2204	1
2232	1
2236	1
2239	0
2247	0
2251	1
2252	0
2255	0
2260	1
2261	1
2264	0
2283	1
2287	0
2294	1
2306	1
2310	0
2312	1
2316	0
2318	1
2322	1
2323	1
2329	0
2334	0
2335	1
2343	1
2355	0
2357	0
2359	0
2361	1
2365	0
2369	0
2390	0
2391	0
2394	0
2399	0
2401	1
2405	1
2406	1
2425	1
2431	1
2436	1
2442	1
2445	1
2447	1
2455	1
2458	1
2459	0
2471	1
2479	1
2489	1
2492	0
2498	1
2502	1
2505	1
2511	1
2515	0
2532	0
2540	0
2542	1
2544	0
2547	1
2552	0
2577	1
2582	1
2590	1
2591	0
2594	1
2598	1
2602	1
2603	0
2610	1
2618	1
2627	1
2651	0
2652	1
2657	1
2659	1
2672	0
2676	0
2682	0
2686	1
2700	0
2701	0
2702	0
2707	1
2715	1
2717	0
2723	1
2727	0
2738	1
2745	0
2746	1
2748	0
2749	1
2751	1
2752	0
2754	1
2758	0
2760	1
2766	1
2774	1
2792	1
2798	1
2800	0
2807	1
2812	0
2813	0
2814	1
2820	0
2830	1
2835	1
2837	0
2838	0
2841	1
2847	0
2848	0
2861	0
2864	0
2871	1
2879	0
2887	1
2902	0
2904	1
2917	0
2922	1
2927	1
2932	0
2936	1
2938	1
2944	0
2947	1
2953	1
2964	0
2966	0
2969	1
2983	0
2985	0
2988	1
2991	1
2997	1
2999	1
3001	0
3003	0
3004	0
3010	0
3017	0
3018	1
3028	1
3034	0
3036	0
3042	1
3044	1
3045	1
3046	1
3049	1
3053	1
3059	0
3070	0
3071	0
3082	0
3086	1
3087	0
3089	0
3095	1
3101	1
3105	1
3111	0
3123	1
3128	0
3131	1
3138	0
3150	1
3153	1
3155	0
3161	0
3166	1
3167	0
3186	1
3195	0
3200	1
3204	1
3207	0
3208	1
3209	1
3223	1
3225	1
3235	1
3240	1
3244	1
3248	1
3253	0
3262	1
3271	0
3272	0
3294	1
3309	1
3320	1
3322	1
3332	0
3341	1
3345	1
3346	1
3349	1
3362	1
3363	1
3368	1
3383	0
3385	0
3386	1
3397	0
3408	0
3417	0
3428	0
3429	1
3433	0
3444	0
3446	0
3455	0
3458	1
3465	0
3466	0
3471	1
3479	1
3482	1
3485	1
3513	1
3518	1
3522	1
3523	0
3524	1
3530	1
3547	1
3556	0
3559	0
3567	1
3571	0
3573	0
3574	1
3575	1
3580	1
3585	1
3592	1
3602	1
3607	0
3609	0
3610	1
3619	0
3625	0
3636	0
3646	1
3647	0
3662	0
3672	1
3674	0
3681	1
3684	1
3685	0
3691	1
3697	1
3698	1
3700	0
3706	0
3707	0
3711	0
3722	1
3727	1
3732	1
3733	0
3740	0
3744	0
3755	1
3759	1
3762	0
3765	1
3784	0
3796	1
3802	0
3806	1
3807	0
3808	1
3819	1
3820	0
3836	1
3842	0
3845	1
3846	1
3848	1
3850	0
3851	1
3852	1
3854	1
3857	1
3865	1
3866	1
3879	1
3881	1
3885	1
3893	0
3894	1
3899	0
3916	1
3929	0
3935	0
3938	1
3945	1
3949	0
3958	0
3973	1
3975	0
3976	0
3979	1
3980	1
3984	1
3988	1
3994	1
3999	1
4000	0
4005	1
4016	0
4025	1
4028	1
4037	0
4040	1
4041	0
4054	0
4059	1
4064	0
4068	1
4074	1
4079	0
4082	1
4088	1
4098	0
4102	0
4103	0
4108	0
4110	1
4119	1
4133	1
4134	1
4135	0
4144	1
4146	1
4152	1
4163	1
4173	1
4180	0
4181	0
4183	0
4185	1
4190	1
4193	1
4206	1
4207	0
4211	0
4220	1
4225	1
4231	1
4243	0
4245	1
4252	1
4261	1
4262	1
4264	0
4265	1
4272	1
4283	1
4291	0
4295	1
4303	1
4330	1
4345	0
4348	1
4350	0
4354	1
4356	1
4357	0
4371	1
4388	0
4390	1
4391	0
4396	1
4402	0
4406	1
4411	1
4416	1
4430	0
4435	0
4452	0
4460	0
4466	0
4470	1
4477	1
4482	1
4488	0
4490	1
4493	0
4494	1
4500	1
4511	1
4514	0
4516	1
4525	1
4529	1
4533	1
4549	1
4555	1
4561	0
4563	0
4565	1
4566	0
4568	1
4569	1
4572	1
4579	0
4582	0
4583	0
4587	1
4590	0
4591	1
4597	1
4602	0
4608	1
4628	1
4629	1
4633	1
4635	0
4639	1
4640	1
4647	0
4650	0
4651	0
4655	0
4656	0
4677	1
4678	0
4683	1
4686	1
4688	1
4689	1
4692	1
4696	1
4698	0
4713	0
4715	0
4731	0
4738	0
4740	1
4747	0
4749	1
4752	0
4761	1
4762	1
4774	0
4775	0
4778	1
4782	1
4783	1
4788	1
4792	0
4800	1
4804	1
4805	1
4820	0
4823	1
4826	1
4838	0
4843	0
4847	0
4848	0
4853	1
4854	0
4855	1
4857	1
4861	0
4862	1
4865	0
4866	0
4867	1
4876	1
4877	0
4878	1
4890	1
4895	1
4898	1
4905	1
4907	1
4910	1
4914	0
4919	0
4920	1
4926	1
4934	0
4936	0
4954	1
4959	1
4962	0
4966	1
4969	1
4971	1
4978	1
4981	1
4983	1
4990	1
5015	1
5023	1
5042	1
5065	1
5069	0
5090	0
5093	0
5103	0
5110	1
5127	1
5131	0
5140	0
5141	0
5146	1
5149	0
5151	1
5152	0
5157	0
5161	1
5164	0
5177	0
5178	0
5181	1
5184	0
5187	0
5200	1
5204	1
5215	0
5219	1
5220	1
5223	1
5239	1
5241	0
5249	1
5250	1
5262	1
5281	1
5296	1
5297	0
5305	1
5310	0
5315	1
5319	0
5322	1
5336	1
5338	1
5350	1
5356	0
5357	0
5362	1
5363	1
5366	1
5370	0
5371	1
5372	1
5375	1
5379	0
5382	1
5401	0
5409	1
5420	0
5422	1
5428	1
5433	1
5434	0
5438	1
5455	1
5456	1
5467	1
5477	1
5480	0
5481	1
5483	1
5489	0
5495	1
5499	0
5502	0
5517	1
5521	0
5523	0
5526	0
5533	1
5543	1
5547	1
5560	1
5566	1
5568	0
5569	0
5575	0
5588	1
5589	0
5601	1
5611	1
5612	1
5613	0
5615	1
5619	0
5621	1
5624	1
5626	0
5638	1
5640	0
5641	0
5644	1
5647	0
5649	1
5654	0
5668	0
5670	0
5677	0
5684	1
5690	1
5698	1
5701	0
5705	0
5709	0
5720	0
5722	1
5723	1
5727	1
5733	1
5736	0
5744	1
5750	0
5752	0
5757	1
5763	1
5772	0
5773	0
5778	1
5779	1
5791	0
5793	0
5796	1
5799	0
5804	1
5819	1
5833	1
5838	1
5839	1
5845	1
5856	1
5859	1
5863	0
5871	1
5873	1
5876	0
5878	1
5880	1
5881	1
5884	0
5890	0
5893	1
5900	0
5901	1
5902	1
5915	1
5917	0
5921	1
5932	1
5939	0
5949	1
5965	1
5980	1
5988	0
5990	0
5991	0
5995	1
5996	0
6004	1
6008	1
6010	0
6015	0
6016	1
6017	0
6028	1
6031	0
6036	1
6042	0
6069	1
6070	1
6080	0
6087	1
6089	1
6092	1
6104	0
6113	0
6116	0
6117	0
6124	0
6127	1
6128	1
6130	1
6147	0
6152	1
6154	1
6157	0
6162	1
6166	1
6168	1
6170	0
6172	1
6182	1
6183	1
6186	0
6187	1
6190	0
6192	1
6195	0
6197	0
6201	1
6202	1
6203	1
6205	0
6223	1
6241	0
6243	0
6250	0
6274	1
6282	1
6283	0
6292	0
6299	1
6304	0
6307	0
6309	1
6312	1
6321	1
6324	0
6327	1
6332	1
6333	0
6335	0
6338	0
6357	0
6361	1
6362	0
6364	1
6369	0
6374	0
6379	1
6381	0
6383	1
6386	1
6389	0
6390	0
6407	0
6408	1
6414	1
6418	1
6424	1
6425	0
6426	1
6428	1
6430	1
6432	1
6438	1
6445	0
6449	1
6450	1
6454	1
6456	1
6461	1
6468	0
6472	0
6478	1
6479	1
6480	1
6482	0
6487	1
6494	0
6502	1
6522	1
6525	1
6530	1
6531	1
6536	1
6540	1
6545	1
6548	0
6557	0
6561	0
6562	0
6564	1
6569	1
6575	0
6579	1
6582	1
6593	1
6600	1
6604	1
6610	1
6611	1
6620	1
6622	0
6625	0
6626	1
6631	1
6639	1
6642	0
6644	0
6652	1
6661	0
6667	0
6677	1
6678	1
6681	0
6683	1
6687	1
6702	1
6703	1
6710	1
6711	1
6716	0
6726	1
6727	1
6730	1
6736	1
6741	1
6750	0
6752	0
6755	1
6756	0
6760	1
6766	0
6777	1
6790	0
6792	0
6795	1
6801	1
6803	0
6808	0
6810	0
6824	1
6830	1
6835	0
6836	1
6841	1
6844	0
6849	0
6851	1
6862	1
6863	1
6864	1
6867	1
6869	1
6877	1
6879	1
6890	0
6896	0
6901	1
6902	1
6903	1
6904	0
6918	1
6928	1
6931	0
6942	0
6955	0
6960	1
6962	1
6969	0
6974	0
6975	1
6979	1
6982	1
6984	0
6987	1
6988	1
6991	1
6992	1
6993	0
6994	0
7005	1
7011	1
7012	0
7013	1
7014	1
7018	0
7027	1
7032	1
7033	0
7036	1
7043	1
7046	0
7053	0
7054	0
7057	1
7062	0
7065	0
7075	0
7076	1
7081	0
7082	1
7084	0
7092	1
7093	1
7097	1
7103	1
7119	1
7121	1
7124	1
7126	0
7127	0
7130	0
7132	1
7140	0
7143	0
7144	0
7146	1
7149	0
7167	1
7171	1
7174	1
7176	1
7177	0
7179	1
7180	0
7183	1
7192	1
7225	1
7227	1
7240	0
7245	0
7248	1
7250	1
7252	0
7254	0
7260	1
7263	1
7264	1
7274	1
7278	0
7289	1
7291	1
7300	0
7316	1
7317	0
7321	1
7322	0
7347	1
7362	1
7373	1
7376	1
7377	1
7383	1
7384	1
7387	0
7389	0
7402	0
7419	1
7420	0
7423	1
7424	0
7431	1
7434	0
7438	0
7440	0
7445	1
7451	0
7452	0
7457	1
7458	0
7463	1
7471	0
7474	1
7475	1
7476	1
7477	0
7478	1
7485	1
7486	1
7493	1
7498	1
7499	0
7501	0
7502	0
7510	1
7512	1
7514	1
7515	1
7516	0
7517	0
7519	0
7523	0
7530	1
7538	0
7541	0
7543	1
7553	1
7559	1
7561	0
7564	0
7572	0
7573	1
7580	0
7584	1
7585	0
7586	1
7587	0
7591	0
7593	0
7595	1
7596	0
7599	1
7607	0
7611	1
7615	1
7618	1
7620	1
7621	0
7625	1
7626	1
7632	1
7633	0
7641	1
7642	1
7643	0
7656	1
7658	0
7660	0
7661	0
7678	1
7705	0
7709	1
7717	1
7720	1
7722	1
7733	0
7748	1
7755	1
7761	0
7762	0
7769	0
7771	0
7776	1
7781	1
7783	0
7784	0
7787	0
7800	1
7803	1
7804	1
7808	1
7810	1
7811	1
7815	1
7816	1
7820	1
7822	1
7829	0
7830	1
7832	1
7835	1
7841	0
7848	1
7850	1
7858	0
7860	1
7863	1
7865	0
7866	1
7868	0
7873	0
7890	0
7902	0
7909	0
7913	0
7923	1
7940	0
7941	1
7950	1
7957	1
7961	0
7963	1
7965	0
7968	1
7977	0
7983	0
7987	0
7999	1
8009	1
8022	1
8023	1
8028	0
8049	1
8050	1
8051	0
8061	1
8074	1
8085	1
8086	0
8102	1
8107	1
8111	0
8116	0
8121	1
8130	1
8131	0
8133	1
8139	0
8142	0
8157	1
8165	1
8169	1
8178	1
8187	1
8189	1
8198	1
8202	0
8206	1
8209	1
8212	0
8216	1
8219	1
8226	1
8228	1
8232	1
8233	1
8252	1
8255	1
8277	0
8287	1
8297	0
8301	0
8304	0
8307	1
8308	1
8312	0
8318	1
8325	1
8326	0
8328	1
8329	1
8331	1
8333	0
8334	0
8335	1
8350	1
8354	1
8367	1
8368	0
8375	1
8376	1
8377	0
8385	1
8388	1
8389	1
8399	0
8400	1
8405	0
8408	1
8412	1
8414	0
8419	1
8420	1
8422	0
8429	1
8432	1
8437	0
8440	0
8443	0
8451	0
8455	0
8461	0
8470	1
8471	1
8474	1
8475	1
8481	0
8487	1
8493	1
8494	0
8497	1
8499	1
8501	1
8509	0
8529	0
8534	1
8564	1
8565	0
8572	0
8574	1
8578	0
8580	0
8581	1
8582	0
8583	0
8585	0
8587	0
8589	0
8621	0
8629	1
8647	1
8659	0
8660	0
8661	1
8664	0
8670	1
8671	1
8677	1
8679	1
8699	1
8702	1
8709	1
8728	1
8731	1
8753	0
8754	1
8762	0
8763	1
8778	0
8790	0
8803	1
8806	1
8824	1
8827	1
8843	1
8844	1
8854	0
8855	1
8882	1
8895	1
8900	0
8902	0
8921	0
8929	0
8948	1
8953	1
8963	1
8969	0
8971	0
8972	1
8986	0
8989	1
8999	0
9002	0
9003	1
9004	1
9009	1
9010	1
9014	1
9015	1
9024	1
9032	1
9037	1
9042	1
9049	1
9057	1
9058	0
9067	1
9073	0
9074	1
9087	0
9093	1
9099	1
9103	1
9109	1
9113	1
9128	1
9130	0
9131	0
9134	1
9136	1
9139	1
9143	0
9147	0
9155	1
9160	1
9163	1
9181	1
9182	1
9185	1
9192	0
9195	0
9202	0
9216	1
9221	1
9222	1
9226	1
9236	1
9239	1
9257	1
9263	1
9279	1
9283	1
9285	1
9289	0
9291	0
9301	0
9304	0
9310	1
9316	0
9332	1
9336	0
9338	1
9342	0
9349	1
9350	1
9352	1
9360	0
9364	0
9369	0
9371	1
9373	1
9374	0
9378	0
9384	0
9386	0
9397	1
9401	1
9406	1
9417	1
9421	0
9423	1
9425	1
9429	1
9435	1
9442	0
9443	1
9444	1
9453	0
9464	0
9466	1
9476	1
9482	1
9487	1
9492	0
9495	1
9502	0
9504	1
9511	1
9515	0
9516	1
9521	1
9522	1
9529	0
9534	1
9535	0
9539	0
9544	1
9558	0
9561	0
9563	1
9578	1
9580	1
9582	0
9583	1
9584	1
9588	1
9589	0
9595	1
9596	1
9598	1
9600	0
9601	1
9602	1
9603	0
9617	0
9619	0
9626	0
9629	1
9635	1
9639	1
9648	0
9649	0
9651	1
9661	0
9664	1
9665	0
9668	1
9670	1
9682	0
9686	1
9690	1
9713	1
9714	1
9725	1
9727	1
9729	1
9737	0
9738	1
9749	1
9756	1
9757	0
9758	0
9762	1
9767	1
9768	1
9773	0
9782	1
9783	0
9788	0
9789	0
9805	0
9809	1
9815	1
9818	1
9828	1
9843	0
9849	1
9852	0
9853	1
9869	0
9886	1
9888	1
9891	1
9896	1
9897	0
9904	0
9909	1
9910	0
9913	0
9926	0
9933	1
9950	1
9961	1
9964	1
9966	1
9969	1
9986	1
9992	1
9993	0
9994	1
10000	0
10002	1
10003	0
10013	0
10014	1
10019	0
10023	1
10034	0
10056	0
10061	0
10069	1
10083	1
10085	1
10087	1
10091	0
10096	0
10099	1
10102	1
10107	0
10108	0
10109	1
10118	1
10122	0
10132	1
10136	0
10142	0
10147	1
10149	0
10156	1
10161	0
10162	0
10164	1
10166	0
10173	1
10195	1
10201	1
10209	0
10212	0
10215	1
10226	1
10228	1
10232	1
10233	1
10238	1
10239	1
10241	0
10257	1
10268	0
10275	1
10277	0
10278	1
10281	1
10285	0
10293	0
10296	1
10298	0
10303	0
10308	1
10314	1
10318	0
10327	1
10353	1
10357	0
10358	1
10361	1
10365	1
10366	1
10369	1
10382	1
10388	0
10393	1
10396	1
10405	1
10406	1
10408	0
10435	1
10445	0
10450	1
10452	1
10455	1
10466	0
10471	1
10475	1
10476	1
10481	1
10487	1
10490	1
10491	1
10493	0
10496	1
10497	1
10499	1
10526	0
10530	0
10548	0
10550	1
10563	0
10564	0
10573	0
10584	0
10593	1
10599	0
10610	0
10611	0
10613	0
10616	1
10640	0
10661	1
10669	1
10679	1
10680	1
10688	1
10689	1
10699	1
10702	1
10713	1
10715	1
10721	1
10723	0
10729	1
10732	0
10737	1
10742	0
10743	1
10746	1
10748	1
10755	1
10761	0
10764	1
10766	1
10767	1
10769	0
10777	0
10787	1
10797	0
10799	1
10801	1
10803	1
10809	1
10812	0
10813	1
10821	1
10825	0
10828	1
10836	0
10848	0
10862	1
10872	1
10902	1
10918	0
10922	0
10931	0
10933	0
10944	1
10950	0
10953	0
10959	0
10960	1
10985	0
10998	1
11006	0
11008	1
11011	1
11012	1
11018	1
11022	1
11031	1
11035	0
11040	1
11041	1
11042	0
11045	0
11050	0
11055	0
11056	1
11063	0
11069	1
11070	0
11072	1
11073	1
11077	1
11078	1
11082	0
11088	1
11089	1
11099	1
11102	1
11106	0
11109	0
11112	1
11117	0
11118	0
11129	0
11138	0
11140	1
11146	0
11151	1
11152	1
11153	1
11155	0
11157	1
11172	1
11173	0
11174	1
11178	1
11180	0
11183	1
11188	0
11192	1
11195	1
11202	0
11208	0
11209	1
11214	1
11216	1
11218	0
11226	1
11230	1
11243	0
11246	1
11254	1
11255	1
11256	1
11257	0
11262	1
11271	0
11276	1
11289	1
11296	1
11302	0
11309	0
11315	1
11324	0
11326	1
11328	1
11336	0
11340	1
11343	1
11344	0
11346	1
11347	1
11349	0
11361	1
11363	0
11368	1
11369	1
11373	1
11376	1
11382	1
11387	0
11388	0
11404	1
11416	1
11429	0
11439	1
11443	1
11445	1
11453	1
11455	0
11456	1
11469	1
11484	1
11493	1
11497	0
11503	1
11505	0
11509	1
11515	1
11519	1
11524	1
11526	1
11527	1
11544	1
11547	0
11549	1
11562	0
11566	0
11573	1
11586	1
11590	0
11593	0
11597	0
11607	0
11614	1
11616	1
11617	0
11624	0
11626	1
11629	1
11630	0
11640	0
11648	1
11653	1
11661	0
11662	0
11678	1
11685	0
11698	0
11699	0
11701	0
11705	1
11706	1
11708	1
11713	1
11722	1
11723	1
11727	0
11729	1
11735	1
11737	0
11746	1
11749	1
11753	0
11754	1
11758	0
11768	0
11770	0
11774	0
11777	1
11781	0
11783	1
11789	0
11796	0
11798	1
11799	0
11803	1
11806	0
11820	0
11828	1
11830	0
11831	1
11832	1
11866	0
11871	0
11873	0
11874	1
11877	1
11881	1
11890	1
11895	1
11911	1
11914	1
11917	0
11924	1
11926	0
11937	0
11941	0
11945	1
11956	1
11961	0
11962	0
11976	1
11978	1
11990	1
12001	1
12004	1
12009	1
12012	1
12026	1
12030	1
12032	1
12037	1
12055	0
12056	1
12066	1
12069	0
12075	1
12081	0
12086	1
12091	1
12093	1
12102	0
12107	1
12119	1
12128	0
12129	0
12142	0
12152	1
12159	0
12166	0
12170	1
12171	1
12172	0
12175	1
12178	0
12180	1
12181	1
12198	1
12199	1
12202	0
12203	1
12220	0
12224	1
12230	1
12231	1
12232	1
12238	1
12249	1
12260	0
12262	1
12267	0
12268	0
12280	1
12281	0
12282	1
12286	0
12291	0
12295	1
12300	1
12307	1
12309	1
12322	1
12325	1
12337	0
12339	1
12354	0
12355	1
12358	0
12359	1
12364	0
12366	0
12369	1
12370	0
12374	0
12377	1
12378	1
12380	1
12381	1
12382	1
12384	0
12390	1
12392	1
12397	1
12407	1
12416	1
12418	1
12422	1
12423	1
12425	1
12429	0
12439	1
12441	0
12443	0
12456	1
12457	0
12463	0
12470	1
12472	1
12481	0
12494	1
12502	0
12516	1
12518	0
12532	1
12542	1
12548	1
12553	1
12558	0
12560	1
12563	0
12569	0
12570	0
12580	1
12581	1
12592	0
12603	0
12610	1
12614	1
12615	1
12624	1
12632	1
12637	1
12644	1
12657	1
12659	1
12667	0
12668	1
12682	1
12695	1
12699	0
12703	0
12712	1
12713	0
12720	0
12724	0
12730	1
12747	1
12748	0
12749	1
12752	1
12762	1
12764	1
12765	1
12768	0
12778	1
12785	1
12791	0
12798	1
12803	1
12805	1
12806	1
12812	1
12825	0
12826	0
12837	1
12840	1
12842	0
12847	1
12850	0
12858	1
12866	0
12870	1
12879	0
12888	0
12890	1
12899	1
12902	1
12903	1
12913	0
12921	1
12922	1
12930	1
12938	0
12942	1
12943	1
12945	1
12948	1
12950	0
12954	0
12958	1
12959	1
12960	0
12964	1
12970	0
12971	1
12974	1
12977	1
12978	1
12982	1
13005	1
13016	0
13020	1
13038	1
13043	0
13047	0
13048	0
13057	1
13071	0
13076	0
13077	0
13080	0
13089	0
13091	1
13097	1
13098	1
13100	1
13104	0
13106	1
13107	0
13117	1
13118	1
13129	0
13130	1
13134	1
13137	0
13139	1
13140	1
13147	1
13166	0
13168	1
13170	0
13182	0
13184	0
13187	1
13188	0
13203	1
13206	0
13210	1
13212	1
13218	1
13220	1
13222	1
13240	1
13258	1
13276	1
13283	1
13286	1
13287	0
13289	1
13294	0
13298	0
13300	1
13304	0
13309	1
13310	0
13314	0
13315	1
13322	1
13324	1
13328	1
13332	0
13346	1
13365	1
13373	1
13375	0
13394	1
13400	0
13402	1
13403	1
13414	1
13417	0
13421	1
13426	1
13430	1
13441	0
13447	0
13454	0
13457	0
13465	0
13472	1
13473	0
13479	1
13485	1
13496	0
13507	0
13525	1
13526	0
13529	1
13533	1
13546	1
13547	1
13557	1
13559	1
13562	1
13577	1
13580	1
13581	1
13586	1
13590	0
13592	0
13594	0
13595	1
13603	0
13614	0
13621	0
13623	0
13624	0
13628	1
13629	1
13631	1
13633	1
13635	0
13642	1
13648	0
13650	1
13651	0
13652	1
13663	1
13666	1
13668	1
13703	1
13710	1
13719	0
13753	1
13771	1
13780	0
13783	1
13800	0
13804	0
13819	1
13821	1
13828	0
13832	0
13838	1
13847	1
13853	0
13859	0
13864	1
13874	1
13878	1
13890	1
13898	1
13905	1
13918	1
13948	0
13949	1
13957	1
13958	1
13959	1
13960	1
13964	1
13970	0
13977	1
13982	1
13986	1
13993	1
13998	0
14010	1
14011	0
14012	0
14021	1
14026	0
14029	0
14060	1
14077	0
14082	1
14086	0
14093	1
14096	1
14104	1
14109	0
14116	0
14119	0
14133	1
14140	0
14143	0
14144	1
14148	1
14149	0
14160	1
14162	1
14163	1
14165	1
14166	1
14181	1
14208	0
14211	0
14213	0
14216	1
14235	1
14240	0
14253	1
14254	0
14255	1
14257	0
14261	0
14264	1
14266	1
14270	0
14272	0
14277	0
14295	1
14298	1
14317	1
14320	1
14331	1
14340	1
14342	1
14350	1
14351	0
14354	1
14358	1
14359	1
14363	1
14368	1
14371	0
14372	0
14388	0
14389	1
14394	0
14396	1
14397	1
14399	1
14404	1
14415	0
14419	0
14421	0
14427	0
14435	1
14437	1
14446	1
14447	0
14448	1
14451	1
14456	1
14457	1
14477	0
14480	1
14482	1
14484	0
14492	0
14493	0
14498	1
14504	1
14507	1
14521	1
14522	0
14523	0
14540	1
14575	0
14584	0
14587	1
14591	1
14592	1
14601	1
14615	0
14621	1
14625	0
14630	1
14636	0
14650	0
14653	0
14663	0
14665	0
14674	1
14682	0
14683	0
14684	1
14696	0
14697	0
14700	1
14701	1
14702	0
14703	1
14715	0
14720	1
14722	0
14724	0
14726	0
14729	0
14731	1
14744	1
14750	1
14767	0
14775	1
14783	1
14786	0
14797	0
14810	1
14818	1
14827	0
14828	0
14829	1
14831	1
14832	0
14834	1
14835	1
14836	1
14849	1
14851	1
14857	1
14858	0
14859	0
14867	1
14869	0
14880	0
14884	1
14893	1
14895	1
14917	1
14939	1
14940	0
14941	0
14946	0
14948	0
14953	0
14961	1
14963	1
14969	1
14975	0
14976	1
15009	1
15012	1
15019	0
15029	1
15032	1
15033	0
15039	0
15040	0
15044	0
15050	1
15054	0
15055	0
15060	1
15064	0
15069	0
15072	0
15083	1
15086	1
15097	0
15099	1
15101	0
15116	1
15141	1
15146	0
15148	0
15151	0
15163	1
15167	1
15169	1
15174	1
15176	1
15183	1
15191	0
15203	1
15205	1
15214	0
15223	1
15231	1
15234	1
15239	0
15240	0
15243	0
15252	1
15269	0
15278	1
15279	0
15281	0
15283	0
15289	0
15291	0
15294	0
15295	0
15297	1
15300	1
15306	0
15311	1
15314	0
15319	0
15323	0
15342	1
15347	1
15355	1
15373	1
15380	0
15381	1
15394	1
15395	0
15406	1
15417	1
15418	1
15420	1
15421	1
15427	0
15435	1
15440	1
15449	1
15453	1
15454	1
15455	1
15457	1
15458	0
15459	0
15461	0
15484	0
15485	1
15490	1
15491	0
15493	1
15498	1
15503	0
15507	1
15514	1
15515	1
15519	1
15540	0
15544	0
15546	1
15556	0
15557	1
15558	1
15559	1
15561	1
15563	0
15565	0
15571	1
15577	0
15581	0
15585	0
15600	0
15604	0
15605	0
15609	0
15614	1
15622	0
15632	1
15637	1
15646	1
15648	1
15667	0
15677	1
15681	1
15686	0
15688	1
15690	0
15693	1
15700	1
15705	1
15710	0
15714	0
15715	0
15716	1
15721	1
15726	0
15729	0
15731	1
15732	1
15733	1
15745	1
15746	0
15748	0
15759	0
15761	0
15769	0
15776	0
15778	0
15787	1
15788	1
15789	0
15790	0
15791	0
15793	0
15796	0
15801	0
15808	0
15821	1
15823	1
15830	1
15835	1
15846	1
15853	0
15864	1
15868	0
15875	0
15876	0
15880	0
15899	1
15907	0
15916	1
15918	0
15922	1
15931	0
15932	1
15937	0
15938	1
15941	1
15943	0
15945	0
15947	1
15955	0
15959	1
15961	1
15967	0
15968	1
15971	1
15972	0
15973	1
15977	0
15980	0
15988	0
15991	0
15995	0
16001	0
16013	0
16015	1
16016	1
16019	1
16036	0
16038	0
16044	0
16048	1
16051	0
16053	1
16066	1
16071	1
16075	1
16080	0
16085	0
16088	0
16092	1
16100	1
16112	1
16114	1
16117	0
16119	1
16133	1
16151	1
16160	0
16165	0
16168	0
16172	0
16174	1
16177	0
16193	1
16206	1
16210	1
16215	1
16220	1
16221	1
16222	1
16223	0
16229	0
16233	1
16242	0
16247	1
16248	0
16259	1
16260	1
16267	1
16273	1
16274	1
16276	1
16278	0
16282	0
16283	0
16284	0
16287	1
16289	0
16292	0
16295	1
16301	0
16302	1
16312	0
16313	1
16321	1
16322	1
16337	1
16343	1
16348	1
16354	1
16356	1
16359	0
16367	1
16370	0
16373	1
16377	0
16378	0
16384	0
16394	1
16397	0
16398	1
16400	1
16402	0
16403	1
16408	1
16416	1
16420	1
16423	1
16430	0
16437	1
16447	1
16448	1
16452	0
16454	1
16456	0
16457	1
16461	1
16464	1
16473	1
16489	1
16497	1
16501	0
16505	0
16506	0
16507	0
16510	1
16515	1
16516	1
16518	1
16521	0
16522	0
16524	1
16525	1
16550	0
16555	1
16557	1
16560	0
16561	0
16562	0
16573	0
16580	1
16582	1
16592	1
16596	1
16616	0
16621	0
16625	0
16627	1
16628	0
16667	0
16669	0
16672	0
16682	1
16683	1
16693	1
16701	0
16706	0
16712	1
16713	1
16714	1
16720	1
16724	1
16737	1
16741	0
16742	1
16743	0
16746	1
16748	0
16752	1
16753	1
16761	1
16774	1
16802	1
16804	1
16806	1
16814	1
16816	1
16822	0
16825	1
16838	0
16851	1
16861	0
16863	0
16864	1
16865	0
16866	0
16867	0
16870	0
16876	1
16882	1
16884	1
16885	0
16897	1
16905	0
16907	1
16925	1
16927	1
16930	0
16933	1
16936	0
16937	1
16940	1
16947	1
16950	1
16956	0
16963	1
16971	0
16975	1
17000	1
17001	1
17003	1
17014	0
17019	0
17021	0
17032	1
17034	0
17038	1
17040	1
17048	1
17051	1
17055	0
17072	1
17075	0
17084	1
17087	1
17093	1
17094	1
17099	1
17105	0
17123	1
17124	1
17135	0
17136	1
17148	1
17152	1
17153	1
17154	0
17158	0
17161	1
17163	1
17165	1
17170	0
17176	0
17179	1
17183	1
17187	1
17190	1
17194	1
17195	1
17202	1
17206	1
17210	1
17212	0
17216	1
17220	0
17221	0
17225	0
17226	0
17234	0
17240	1
17241	1
17245	0
17249	1
17257	0
17268	1
17279	1
17298	0
17299	0
17305	1
17308	0
17320	1
17322	0
17334	1
17335	0
17336	1
17338	1
17339	0
17346	0
17354	0
17358	0
17368	1
17369	0
17380	0
17387	1
17389	1
17396	1
17410	0
17416	1
17419	1
17429	1
17435	1
17437	0
17438	1
17440	1
17446	0
17447	0
17450	0
17452	1
17454	0
17460	1
17462	1
17473	0
17474	1
17486	0
17504	1
17511	1
17514	0
17520	1
17525	1
17528	1
17530	1
17532	0
17539	1
17544	0
17545	1
17550	1
17551	1
17556	1
17560	1
17565	1
17580	0
17582	1
17585	1
17586	1
17587	0
17589	0
17592	0
17595	0
17620	1
17624	1
17626	1
17629	1
17631	1
17632	1
17637	1
17639	1
17640	1
17641	1
17642	0
17652	0
17658	1
17667	0
17669	1
17674	1
17677	1
17678	1
17684	0
17685	0
17688	1
17691	1
17695	1
17697	0
17700	0
17706	1
17712	0
17713	1
17715	0
17729	1
17730	1
17738	1
17744	1
17757	1
17769	1
17774	0
17793	0
17806	0
17810	1
17814	1
17817	1
17822	1
17823	0
17827	1
17831	0
17837	1
17844	1
17845	1
17848	1
17853	0
17854	1
17858	0
17876	1
17889	0
17891	1
17892	0
17901	1
17907	1
17910	1
17918	0
17932	0
17939	1
17942	1
17944	1
17953	1
17954	0
17957	1
17958	0
17975	1
17979	1
17981	1
17983	0
17987	0
17992	1
17993	0
17994	1
17996	1
18005	1
18014	1
18017	1
18024	0
18029	0
18033	1
18042	1
18060	0
18065	1
18070	1
18071	0
18073	1
18075	1
18076	0
18078	0
18080	0
18085	0
18086	0
18091	0
18092	1
18095	1
18100	1
18111	1
18112	1
18117	0
18121	1
18122	0
18126	0
18132	1
18139	1
18143	0
18154	0
18156	1
18160	0
18166	1
18167	1
18170	1
18172	0
18179	0
18186	1
18191	1
18194	1
18197	0
18198	1
18199	1
18204	1
18206	0
18208	1
18210	1
18220	0
18227	0
18228	1
18231	1
18232	0
18234	1
18237	0
18244	1
18245	0
18252	0
18254	1
18259	1
18266	1
18267	1
18270	1
18273	1
18274	0
18275	0
18288	0
18293	1
18301	0
18307	1
18336	0
18340	0
18342	1
18343	0
18345	1
18347	1
18353	0
18355	1
18356	1
18359	0
18362	0
18363	0
18372	1
18384	1
18385	1
18389	1
18395	1
18405	1
18418	1
18421	0
18423	0
18433	1
18441	1
18444	0
18456	1
18459	1
18468	1
18478	1
18482	0
18488	0
18489	1
18494	0
18497	1
18501	1
18503	1
18514	1
18515	1
18533	1
18534	0
18553	0
18559	1
18573	1
18579	1
18586	0
18588	0
18590	1
18597	1
18598	1
18599	1
18614	1
18615	1
18616	0
18621	0
18624	1
18626	1
18627	0
18633	1
18634	0
18636	1
18637	0
18640	0
18644	1
18649	1
18652	0
18661	1
18663	1
18666	1
18677	1
18679	1
18687	1
18693	1
18694	1
18703	1
18711	1
18712	1
18714	0
18717	0
18718	0
18720	0
18724	1
18733	0
18737	0
18741	1
18747	1
18749	1
18753	0
18774	1
18777	0
18786	1
18793	1
18809	0
18820	1
18823	0
18826	1
18836	1
18839	1
18850	0
18858	1
18864	1
18865	0
18866	1
18869	1
18874	0
18879	0
18885	1
18887	1
18896	0
18899	0
18909	1
18910	1
18930	0
18932	0
18952	1
18956	0
18962	1
18968	1
18979	1
18983	1
18984	1
18994	1
19000	0
19010	0
19019	0
19021	1
19023	1
19025	1
19027	1
19028	0
19030	1
19032	1
19042	1
19044	0
19046	1
19049	1
19051	0
19052	1
19066	0
19076	0
19091	0
19096	0
19097	1
19100	1
19101	0
19104	0
19107	0
19118	1
19120	0
19134	0
19142	0
19144	1
19147	1
19149	1
19156	0
19161	0
19163	0
19164	1
19165	1
19169	1
19183	0
19184	1
19186	1
19190	0
19197	0
19202	1
19204	0
19209	0
19210	1
19213	1
19214	1
19222	1
19224	0
19229	0
19235	0
19243	0
19247	1
19265	0
19270	0
19272	1
19278	1
19287	1
19289	1
19301	1
19304	1
19306	0
19309	0
19312	0
19313	0
19318	0
19320	1
19329	0
19337	1
19339	1
19340	0
19342	1
19343	0
19347	0
19353	1
19354	0
19358	0
19367	1
19380	1
19381	1
19382	0
19384	0
19385	0
19387	1
19389	1
19392	1
19398	1
19406	0
19413	0
19418	1
19419	1
19425	0
19437	1
19459	1
19473	0
19477	1
19479	1
19482	1
19491	1
19492	1
19496	1
19503	1
19506	1
19508	1
19518	0
19522	1
19525	0
19528	0
19531	1
19532	1
19542	0
19548	1
19550	1
19566	1
19570	1
19571	0
19572	0
19574	1
19582	1
19594	1
19599	0
19602	1
19610	1
19615	0
19618	1
19631	0
19639	0
19650	0
19651	0
19655	1
19661	1
19668	0
19672	0
19683	0
19686	0
19688	0
19705	1
19709	0
19716	1
19719	1
19722	1
19723	1
19725	0
19735	1
19738	1
19742	1
19744	0
19753	0
19765	1
19770	1
19771	1
19778	0
19808	1
19814	0
19832	1
19837	1
19839	1
19843	1
19844	0
19867	0
19869	1
19871	1
19874	1
19876	1
19884	0
19895	0
19909	1
19922	1
19926	1
19928	1
19932	0
19941	1
19954	1
19956	1
19958	1
19960	0
19966	0
19972	1
19974	0
19983	1
19984	0
19992	1
20003	1
20008	1
20012	1
20013	1
20015	0
20021	1
20029	1
20031	1
20046	1
20048	0
20063	1
20071	1
20073	0
20075	1
20079	1
20081	1
20083	0
20093	1
20098	1
20113	1
20114	1
20117	0
20120	0
20123	1
20126	1
20135	0
20142	1
20153	0
20154	1
20162	0
20166	1
20167	0
20172	1
20174	0
20176	0
20177	0
20181	0
20182	0
20197	1
20201	0
20214	0
20221	1
20224	1
20253	1
20260	0
20273	0
20274	1
20275	0
20284	0
20285	0
20287	0
20293	0
20294	1
20297	1
20298	1
20304	0
20318	1
20325	1
20334	0
20335	1
20340	1
20344	1
20345	0
20347	0
20348	1
20351	0
20369	0
20375	0
20383	1
20385	0
20392	0
20394	1
20395	1
20401	0
20408	1
20410	1
20416	0
20421	0
20423	0
20427	1
20429	1
20438	1
20442	1
20451	0
20452	0
20454	0
20457	1
20460	1
20463	1
20477	1
20481	1
20487	1
20503	1
20504	0
20508	0
20510	0
20512	1
20514	1
20515	0
20517	0
20520	1
20521	1
20524	1
20533	0
20538	1
20540	1
20542	1
20543	1
20554	1
20559	1
20561	1
20568	1
20569	1
20574	1
20577	1
20579	0
20582	1
20584	0
20586	0
20588	1
20589	1
20596	0
20598	0
20607	1
20617	1
20618	0
20619	1
20622	1
20632	0
20637	0
20642	1
20648	1
20649	0
20656	1
20658	1
20661	1
20689	0
20691	1
20708	1
20717	0
20718	1
20725	0
20740	1
20741	0
20745	1
20753	0
20757	1
20768	0
20770	1
20772	1
20777	1
20778	1
20780	1
20781	1
20785	1
20786	1
20787	1
20789	1
20799	1
20808	1
20810	1
20811	1
20812	1
20816	1
20818	1
20820	1
20821	0
20822	1
20828	1
20834	0
20846	0
20850	0
20854	0
20862	1
20864	0
20865	1
20866	1
20874	0
20880	1
20885	1
20887	1
20890	1
20893	0
20896	1
20899	0
20905	1
20906	1
20911	1
20917	0
20925	0
20928	0
20932	0
20933	0
20934	0
20936	0
20942	0
20943	1
20945	1
20949	0
20951	1
20956	1
20969	1
20980	0
20984	1
20985	1
20995	1
20998	1
21007	0
21008	1
21014	1
21023	1
21027	1
21028	1
21030	1
21032	0
21033	1
21034	1
21037	1
21041	0
21047	1
21050	0
21052	1
21054	0
21056	0
21058	0
21062	0
21066	0
21068	0
21073	0
21076	0
21078	0
21087	1
21088	0
21091	0
21095	1
21100	1
21101	1
21103	1
21110	0
21121	0
21128	0
21131	0
21136	1
21139	0
21144	1
21149	0
21152	0
21156	1
21164	0
21169	1
21173	1
21176	1
21179	1
21180	0
21191	1
21193	1
21195	0
21198	1
21204	1
21207	1
21208	0
21217	1
21238	1
21246	0
21249	0
21259	0
21260	0
21278	1
21288	1
21290	1
21295	0
21298	0
21301	0
21303	1
21308	0
21321	1
21330	0
21337	0
21338	1
21353	0
21354	0
21357	1
21365	1
21389	1
21398	0
21399	1
21413	0
21438	1
21440	1
21457	1
21462	0
21467	1
21471	1
21472	1
21475	0
21478	1
21479	1
21481	1
21484	1
21495	1
21499	0
21500	1
21502	1
21506	0
21507	1
21511	0
21512	1
21519	1
21524	1
21539	1
21540	0
21543	1
21544	1
21557	1
21562	1
21588	1
21609	1
21616	0
21617	1
21621	1
21629	0
21632	1
21633	1
21634	1
21640	1
21641	0
21645	1
21647	1
21660	0
21661	0
21665	0
21667	1
21673	0
21681	1
21685	1
21686	1
21687	1
21695	1
21697	1
21705	1
21707	0
21714	1
21719	1
21720	1
21722	1
21723	1
21726	1
21733	0
21735	1
21741	0
21744	1
21748	0
21749	1
21752	0
21757	0
21764	1
21767	0
21774	1
21775	0
21779	0
21780	0
21781	1
21798	0
21820	0
21825	1
21832	1
21834	1
21839	1
21844	0
21869	0
21879	1
21884	0
21890	1
21892	1
21895	0
21897	1
21898	1
21906	1
21912	0
21913	1
21926	1
21930	0
21941	1
21977	1
21982	0
21984	1
21985	0
22003	0
22011	0
22023	1
22025	1
22030	0
22036	1
22042	1
22058	0
22068	1
22070	0
22073	1
22087	1
22097	1
22102	0
22121	0
22129	0
22132	0
22139	1
22144	1
22149	1
22154	1
22155	0
22161	0
22163	0
22181	1
22185	1
22188	1
22189	0
22190	1
22196	1
22200	0
22208	1
22209	1
22212	1
22214	0
22218	1
22221	1
22224	1
22226	0
22227	1
22238	0
22242	1
22246	0
22257	1
22260	0
22262	0
22264	1
22265	1
22268	1
22272	1
22279	0
22280	1
22292	1
22295	0
22299	0
22300	0
22304	1
22307	0
22311	1
22314	1
22319	1
22320	1
22321	1
22334	1
22338	1
22340	1
22353	1
22354	0
22366	1
22372	0
22379	1
22386	0
22403	1
22406	1
22408	1
22412	0
22415	0
22419	0
22425	1
22426	0
22428	1
22430	1
22437	0
22452	1
22453	1
22455	1
22456	1
22463	1
22468	0
22488	1
22491	1
22493	0
22511	0
22515	0
22517	1
22526	0
22527	1
22530	1
22540	0
22542	1
22543	1
22545	1
22549	1
22551	1
22569	1
22572	1
22581	0
22583	0
22588	1
22590	1
22605	0
22623	0
22630	0
22644	1
22656	1
22668	1
22674	1
22684	1
22685	0
22712	1
22715	1
22718	1
22720	1
22723	1
22724	0
22727	0
22734	0
22735	0
22747	1
22748	1
22751	1
22759	0
22761	0
22768	1
22769	1
22776	1
22804	1
22808	0
22809	1
22811	0
22827	1
22830	0
22839	1
22845	1
22849	1
22852	1
22854	1
22860	0
22862	1
22865	0
22871	1
22881	1
22887	0
22898	0
22899	0
22902	0
22907	1
22911	1
22923	1
22924	0
22928	1
22940	0
22941	0
22957	1
22960	1
22961	1
22964	1
22969	0
22973	1
22975	1
22978	1
22984	0
22990	1
22997	1
23000	0
23007	0
23010	1
23012	1
23013	1
23024	0
23027	1
23035	1
23048	1
23050	1
23051	0
23054	1
23058	1
23066	1
23074	1
23078	1
23080	1
23081	0
23103	1
23106	1
23109	0
23111	0
23114	1
23115	0
23122	1
23128	0
23139	1
23142	1
23148	0
23155	0
23158	1
23169	1
23174	1
23182	1
23184	1
23185	1
23187	0
23191	0
23194	0
23195	1
23207	0
23212	0
23216	0
23219	1
23221	1
23222	1
23226	0
23229	1
23234	0
23236	1
23246	0
23247	1
23251	0
23254	0
23256	1
23257	0
23263	0
23272	1
23274	1
23284	1
23289	1
23293	0
23299	1
23300	1
23301	1
23303	0
23322	0
23323	0
23325	0
23337	0
23347	1
23348	0
23349	0
23351	1
23361	0
23367	0
23371	1
23375	1
23378	1
23383	1
23401	0
23403	0
23407	1
23414	0
23421	1
23422	1
23439	1
23468	0
23470	0
23471	1
23478	0
23485	1
23488	0
23491	1
23492	1
23494	1
23502	1
23510	1
23512	0
23516	0
23526	0
23527	1
23528	0
23531	1
23538	0
23549	0
23558	1
23564	1
23570	1
23579	0
23580	0
23588	1
23591	0
23600	0
23608	1
23630	1
23632	0
23635	1
23641	0
23650	0
23659	1
23665	1
23667	0
23685	1
23688	0
23689	1
23690	0
23692	1
23696	0
23697	1
23716	1
23717	1
23721	1
23723	0
23730	0
23734	1
23740	1
23742	0
23743	1
23746	1
23748	1
23750	0
23751	1
23754	1
23757	1
23760	0
23764	1
23765	1
23769	0
23773	0
23778	1
23782	1
23785	1
23787	1
23788	1
23792	1
23794	1
23796	1
23800	1
23808	1
23809	1
23811	1
23814	1
23818	0
23819	1
23823	0
23832	0
23835	1
23848	0
23852	0
23861	1
23862	0
23866	0
23867	1
23875	1
23878	0
23888	1
23893	1
23894	1
23900	0
23904	0
23905	0
23906	0
23909	1
23912	1
23915	1
23919	1
23920	1
23923	1
23927	0
23928	1
23930	1
23938	1
23953	0
23955	1
23960	0
23967	1
23975	0
23979	1
23989	0
23993	1
23999	0
24001	1
24003	0
24004	0
24007	0
24015	1
24023	1
24025	1
24028	1
24038	0
24058	1
24064	1
24066	1
24067	1
24070	0
24079	1
24081	0
24083	1
24091	1
24110	0
24117	1
24120	1
24121	0
24124	0
24130	0
24135	1
24141	0
24144	1
24155	0
24162	0
24174	1
24178	1
24179	0
24181	1
24189	0
24190	0
24197	1
24199	1
24214	1
24216	1
24217	1
24219	1
24226	1
24239	0
24242	1
24247	1
24254	0
24257	1
24261	1
24262	1
24266	1
24269	0
24270	0
24273	1
24279	0
24291	0
24315	0
24316	0
24326	1
24327	1
24331	1
24342	1
24344	1
24345	1
24346	0
24355	0
24357	1
24358	1
24364	1
24365	0
24372	1
24373	1
24385	0
24386	0
24388	1
24389	1
24394	1
24409	1
24411	1
24419	0
24420	1
24421	1
24423	1
24424	1
24426	1
24429	1
24431	0
24433	0
24439	1
24441	0
24446	0
24451	1
24459	1
24460	1
24469	0
24470	1
24471	0
24510	1
24512	1
24513	1
24521	0
24525	1
24526	1
24531	1
24538	1
24544	1
24550	1
24551	1
24553	1
24557	1
24562	0
24566	1
24569	1
24582	0
24587	0
24588	0
24590	1
24603	0
24612	1
24615	1
24622	0
24628	0
24631	1
24632	0
24636	0
24647	1
24648	1
24650	1
24651	0
24655	1
24656	1
24664	1
24666	1
24674	0
24676	1
24681	1
24687	0
24693	0
24695	1
24698	0
24704	1
24715	0
24717	1
24742	1
24749	1
24750	0
24751	1
24753	0
24754	0
24758	0
24761	0
24770	1
24772	1
24781	0
24783	1
24789	1
24790	0
24798	1
24807	1
24810	0
24815	1
24816	1
24822	1
24823	0
24828	0
24831	1
24832	1
24845	1
24850	0
24851	1
24857	1
24863	0
24870	1
24878	0
24879	1
24881	0
24886	1
24896	1
24899	1
24907	1
24912	0
24920	0
24922	1
24923	0
24943	0
24945	1
24947	1
24960	0
24971	1
24972	1
24975	0
24984	0
24987	1
25003	1
25005	1
25006	0
25008	1
25011	1
25013	0
25014	0
25017	0
25045	0
25064	0
25067	1
25076	0
25082	1
25086	0
25087	0
25093	1
25096	1
25100	0
25101	1
25103	1
25105	0
25107	0
25109	1
25113	1
25126	1
25127	1
25132	1
25135	1
25157	1
25160	0
25167	0
25169	0
25170	1
25174	1
25184	1
25188	1
25191	0
25199	1
25219	1
25220	0
25223	0
25225	1
25233	1
25244	1
25247	1
25249	0
25261	1
25263	1
25265	1
25274	0
25275	1
25279	0
25280	0
25281	0
25287	0
25293	0
25313	1
25335	0
25338	0
25360	1
25363	1
25364	0
25373	1
25386	1
25401	1
25402	1
25405	0
25410	1
25413	0
25415	1
25418	0
25419	1
25430	0
25438	0
25443	0
25446	1
25447	0
25458	1
25461	0
25462	0
25475	0
25477	1
25481	1
25492	0
25493	1
25496	1
25501	1
25506	0
25507	0
25517	1
25520	1
25521	0
25522	1
25531	1
25542	1
25545	1
25557	1
25563	0
25565	1
25569	1
25570	1
25571	0
25577	1
25581	0
25597	1
25601	1
25603	1
25604	1
25613	1
25614	1
25624	1
25627	1
25636	0
25644	1
25645	0
25662	0
25664	0
25679	1
25682	0
25685	1
25686	1
25693	1
25704	1
25711	0
25713	1
25729	1
25730	0
25734	1
25738	1
25739	0
25740	0
25744	1
25746	1
25762	0
25764	1
25772	0
25773	0
25775	0
25778	1
25779	1
25781	1
25783	0
25784	1
25786	0
25792	1
25799	1
25804	0
25813	1
25819	0
25820	0
25824	1
25834	0
25838	0
25848	0
25864	0
25873	1
25876	0
25886	0
25895	0
25905	0
25906	1
25914	0
25926	0
25928	1
25935	1
25941	0
25953	1
25959	1
25965	1
25966	1
25967	0
25970	1
25980	1
26000	0
26006	1
26014	1
26026	1
26036	1
26044	0
26045	1
26046	1
26047	1
26051	0
26064	1
26066	1
26074	1
26078	1
26085	1
26088	1
26090	1
26093	1
26113	0
26120	0
26121	0
26123	0
26127	1
26131	0
26142	1
26146	1
26152	0
26153	0
26154	0
26155	0
26166	1
26175	0
26177	0
26183	0
26185	0
26188	1
26189	0
26192	0
26193	1
26211	0
26217	0
26221	1
26225	1
26226	0
26230	1
26235	0
26236	1
26243	1
26245	1
26247	1
26250	0
26255	1
26256	1
26262	0
26268	1
26286	0
26303	1
26308	0
26310	0
26313	1
26315	1
26328	1
26338	1
26341	1
26342	1
26348	1
26351	1
26365	1
26371	0
26376	1
26381	1
26387	0
26388	0
26394	0
26396	0
26397	1
26400	1
26403	0
26413	1
26422	1
26427	1
26429	0
26433	1
26436	1
26445	0
26448	1
26449	1
26469	1
26470	0
26474	1
26475	1
26477	1
26486	0
26487	1
26493	1
26495	0
26517	0
26521	1
26526	0
26527	1
26528	1
26532	1
26542	1
26550	1
26566	0
26581	0
26585	1
26600	1
26608	0
26619	0
26624	1
26631	0
26632	1
26637	1
26638	1
26651	1
26653	0
26655	0
26659	1
26661	0
26664	1
26665	0
26666	1
26672	1
26673	1
26677	1
26678	1
26682	0
26684	0
26686	1
26688	0
26699	0
26701	0
26702	0
26706	1
26719	0
26730	1
26733	1
26736	1
26742	0
26745	0
26747	1
26755	1
26762	1
26764	0
26765	0
26767	0
26768	1
26772	1
26776	1
26778	1
26781	0
26791	1
26795	0
26801	1
26809	0
26811	0
26813	0
26820	1
26821	1
26830	0
26835	0
26852	1
26857	0
26861	1
26869	1
26871	0
26887	1
26897	0
26902	0
26906	0
26907	0
26908	1
26949	1
26953	1
26956	1
26957	0
26959	1
26966	1
26970	1
26975	1
26976	0
26981	0
26992	0
26998	1
27000	1
27003	0
27004	1
27005	0
27010	0
27013	1
27016	1
27018	0
27031	0
27032	1
27055	0
27064	1
27069	1
27079	1
27081	0
27083	0
27085	1
27086	0
27093	0
27094	0
27095	1
27099	1
27100	0
27103	0
27108	1
27111	0
27115	1
27116	1
27119	1
27122	1
27128	0
27129	0
27134	1
27137	0
27138	0
27145	0
27150	0
27156	0
27157	1
27159	0
27171	1
27181	0
27182	0
27189	0
27190	1
27216	0
27224	0
27233	1
27236	1
27241	1
27244	1
27255	1
27273	0
27275	1
27313	1
27314	1
27323	1
27325	1
27331	1
27336	0
27337	1
27341	1
27342	1
27344	0
27350	0
27368	1
27384	1
27388	0
27390	1
27394	1
27400	0
27403	0
27406	0
27415	1
27416	1
27420	0
27421	0
27423	0
27435	1
27440	0
27448	1
27456	0
27458	1
27461	0
27466	1
27473	0
27476	0
27481	1
27483	1
27488	0
27493	1
27501	0
27504	1
27513	1
27514	1
27517	0
27519	0
27520	1
27528	1
27529	1
27535	1
27541	0
27556	1
27557	1
27559	0
27564	1
27567	1
27572	0
27575	0
27579	0
27582	1
27586	0
27589	0
27594	1
27609	0
27612	1
27615	0
27617	1
27621	1
27622	1
27628	1
27631	0
27640	1
27641	0
27648	1
27665	1
27682	1
27695	1
27701	1
27702	0
27704	1
27706	1
27707	1
27711	0
27716	1
27718	0
27723	0
27726	0
27737	0
27740	1
27741	1
27748	0
27766	0
27774	0
27776	0
27778	0
27781	1
27783	1
27784	1
27796	1
27806	0
27812	0
27818	1
27822	1
27824	1
27832	1
27835	1
27838	1
27855	0
27857	1
27862	1
27875	0
27880	0
27884	1
27891	1
27893	1
27897	0
27902	1
27906	1
27910	1
27923	1
27924	1
27928	0
27960	0
27965	1
27975	0
27979	1
27987	0
27989	0
27990	1
27995	0
28014	0
28015	0
28032	0
28033	0
28039	0
28040	0
28042	0
28049	1
28053	1
28062	1
28068	1
28077	1
28081	1
28084	1
28087	0
28088	0
28093	1
28096	1
28097	0
28110	0
28119	1
28129	1
28134	1
28137	1
28139	0
28143	1
28145	1
28146	0
28150	1
28153	0
28173	0
28175	1
28181	0
28189	0
28199	1
28203	1
28206	0
28209	1
28214	1
28220	1
28221	1
28227	0
28233	0
28251	1
28254	1
28271	1
28272	0
28273	1
28276	1
28312	0
28313	0
28314	0
28323	1
28325	1
28343	0
28347	1
28349	0
28356	0
28365	0
28366	1
28371	0
28373	0
28374	1
28375	1
28376	0
28377	0
28378	0
28382	1
28388	0
28390	1
28393	0
28407	1
28416	1
28419	0
28424	1
28433	1
28448	0
28453	1
28454	1
28466	1
28469	0
28478	1
28479	1
28480	1
28500	1
28501	0
28503	1
28504	1
28509	0
28515	0
28517	1
28518	1
28522	1
28525	1
28536	0
28540	0
28548	0
28553	1
28560	1
28572	0
28584	1
28600	0
28606	1
28611	0
28619	1
28624	1
28628	0
28631	1
28647	1
28659	0
28671	0
28673	0
28684	1
28690	0
28692	1
28695	1
28699	1
28702	1
28707	0
28717	0
28723	0
28724	0
28727	1
28730	0
28731	0
28739	1
28740	1
28744	1
28750	1
28752	0
28753	1
28762	1
28771	1
28772	1
28774	0
28779	0
28781	1
28782	0
28784	0
28785	0
28788	1
28795	1
28797	1
28800	0
28804	0
28812	0
28817	1
28826	1
28831	1
28833	1
28839	1
28841	0
28845	1
28846	1
28853	0
28854	0
28855	0
28865	1
28872	0
28876	1
28878	0
28884	1
28891	1
28897	1
28929	1
28935	1
28942	0
28945	1
28951	1
28958	1
28960	1
28981	1
28985	1
28988	0
28996	1
28998	0
29003	0
29010	0
29013	1
29014	0
29015	0
29016	0
29017	1
29020	0
29022	1
29023	1
29027	0
29033	1
29039	1
29042	1
29052	1
29057	0
29062	1
29064	1
29068	0
29072	0
29078	0
29083	1
29085	1
29089	1
29096	1
29104	1
29109	1
29118	0
29129	0
29142	0
29149	1
29153	0
29154	1
29163	1
29164	0
29166	1
29176	0
29180	1
29185	0
29190	0
29196	0
29200	0
29204	0
29210	1
29223	1
29224	0
29225	0
29244	1
29246	0
29250	1
29251	0
29261	1
29272	1
29275	0
29277	0
29278	1
29282	1
29285	1
29299	0
29312	0
29318	0
29322	1
29330	1
29331	1
29343	0
29346	0
29352	1
29367	1
29370	0
29371	0
29373	0
29374	1
29376	0
29379	1
29384	0
29385	0
29388	1
29390	1
29401	1
29403	0
29415	0
29420	0
29426	0
29427	0
29433	1
29434	0
29436	0
29440	1
29446	0
29449	0
29463	1
29464	1
29477	1
29486	1
29488	1
29497	1
29502	0
29515	1
29516	1
29523	0
29524	0
29526	0
29536	1
29537	0
29538	0
29542	0
29549	0
29557	0
29563	0
29568	0
29571	1
29573	0
29577	1
29578	0
29582	1
29588	0
29592	1
29593	1
29595	1
29605	1
29613	1
29646	0
29650	0
29652	1
29660	1
29661	0
29674	1
29684	1
29691	0
29693	0
29700	0
29708	1
29721	1
29722	1
29733	0
29753	1
29754	1
29757	0
29763	1
29777	0
29785	1
29795	1
29798	1
29801	0
29802	1
29822	1
29828	1
29832	1
29837	1
29838	0
29853	1
29856	0
29860	1
29863	1
29866	1
29868	1
29869	1
29871	0
29874	0
29875	1
29882	1
29891	1
29893	1
29895	0
29898	1
29905	0
29907	1
29917	1
29920	1
29922	0
29924	1
29931	1
29934	1
29939	0
29941	0
29957	1
29963	1
29972	1
29976	0
29983	1
29984	1
29985	1
29988	0
29991	1
29998	0
29999	1
30007	1
30010	1
30014	0
30017	1
30026	1
30030	1
30044	1
30055	0
30057	1
30059	1
30062	1
30069	0
30076	1
30077	0
30082	0
30083	0
30094	1
30096	0
30097	0
30106	1
30107	1
30109	0
30111	1
30122	0
30127	1
30128	1
30131	1
30132	1
30134	1
30138	0
30145	1
30150	1
30159	1
30170	1
30185	1
30192	0
30195	1
30196	1
30199	0
30204	0
30205	1
30206	1
30208	0
30209	1
30212	1
30218	1
30222	0
30238	1
30239	1
30241	1
30247	1
30248	1
30254	1
30255	0
30258	0
30259	1
30266	1
30272	1
30274	0
30275	0
30283	0
30287	1
30290	0
30293	1
30301	0
30303	1
30309	0
30322	1
30323	1
30329	1
30334	0
30337	0
30350	0
30360	0
30363	1
30366	1
30369	1
30370	0
30376	0
30377	1
30380	0
30383	1
30387	0
30390	0
30399	1
30405	1
30407	1
30420	0
30429	1
30437	0
30446	1
30452	1
30454	1
30466	0
30472	0
30476	1
30477	1
30478	0
30479	1
30487	0
30489	0
30492	1
30496	1
30501	1
30523	0
30525	0
30530	1
30534	1
30535	1
30537	1
30546	1
30556	0
30562	0
30563	1
30572	1
30584	1
30585	0
30590	0
30608	1
30613	1
30619	0
30623	0
30626	0
30628	0
30630	1
30640	0
30644	1
30650	0
30657	1
30662	0
30678	0
30679	1
30689	0
30696	1
30705	0
30714	1
30715	1
30719	0
30720	1
30721	0
30724	0
30737	1
30751	1
30756	1
30764	1
30770	1
30772	0
30778	0
30783	1
30790	1
30794	1
30800	1
30801	0
30807	1
30823	1
30825	1
30843	1
30848	1
30853	0
30858	1
30860	0
30865	0
30867	1
30868	1
30876	0
30880	1
30886	1
30887	1
30890	1
30891	0
30894	0
30895	0
30903	1
30904	1
30910	0
30916	1
30922	0
30925	1
30928	1
30935	0
30938	1
30942	0
30943	0
30945	1
30949	1
30951	1
30953	1
30957	0
30964	1
30966	1
30969	1
30982	0
30986	1
30987	1
30990	0
31000	1
31005	0
31010	1
31025	0
31032	1
31034	0
31035	0
31037	0
31050	1
31052	1
31055	0
31062	0
31067	1
31068	0
31069	1
31076	0
31077	1
31084	1
31085	1
31091	0
31094	0
31108	0
31120	1
31123	1
31149	1
31154	0
31157	1
31166	1
31168	1
31170	0
31171	0
31174	1
31176	1
31177	1
31181	0
31183	1
31186	0
31188	0
31195	1
31196	1
31198	0
31200	1
31206	1
31207	1
31216	0
31236	1
31237	1
31244	0
31245	0
31247	1
31258	0
31261	1
31264	1
31272	1
31277	0
31284	1
31287	0
31293	1
31302	0
31308	1
31312	0
31316	1
31319	0
31336	0
31340	1
31342	1
31355	1
31357	1
31368	0
31374	1
31381	1
31390	1
31393	0
31394	1
31398	1
31399	0
31402	0
31403	1
31415	0
31420	1
31421	1
31423	1
31424	1
31434	1
31435	0
31448	0
31453	1
31455	1
31457	0
31464	1
31469	0
31473	0
31477	1
31486	1
31489	0
31493	1
31494	0
31497	0
31500	1
31502	0
31503	0
31504	0
31509	0
31512	1
31514	1
31520	0
31522	1
31524	1
31547	1
31549	0
31556	1
31557	1
31558	0
31559	1
31562	1
31566	1
31567	1
31570	1
31573	1
31585	0
31586	1
31600	1
31607	0
31609	1
31613	0
31621	0
31644	1
31654	1
31657	0
31663	0
31665	1
31670	1
31683	1
31687	0
31692	1
31713	0
31717	1
31725	0
31727	1
31728	1
31730	0
31734	0
31739	0
31742	1
31743	0
31747	1
31749	0
31752	0
31754	0
31756	0
31763	1
31769	0
31771	1
31772	1
31774	0
31778	1
31779	1
31791	1
31798	0
31803	0
31812	1
31821	0
31822	1
31826	1
31827	1
31828	1
31830	0
31832	1
31833	1
31850	1
31851	0
31853	0
31857	0
31860	0
31864	0
31880	1
31892	0
31894	1
31906	1
31912	0
31915	0
31918	1
31920	0
31924	0
31930	0
31933	0
31939	1
31941	1
31946	0
31949	0
31952	0
31958	0
31965	0
31968	1
31974	1
31977	1
31984	1
31987	1
31993	1
31995	1
31996	0
32004	0
32011	0
32017	0
32029	1
32033	1
32039	0
32041	0
32045	0
32046	0
32056	1
32060	1
32064	1
32066	1
32072	1
32085	1
32098	1
32100	1
32108	1
32110	1
32120	0
32122	1
32133	1
32135	1
32145	0
32150	0
32155	1
32173	0
32179	1
32186	0
32188	1
32189	0
32191	1
32211	0
32212	1
32217	1
32222	1
32224	0
32226	1
32230	1
32235	1
32236	1
32240	1
32241	1
32242	1
32243	1
32246	1
32249	0
32261	0
32267	1
32274	0
32287	1
32288	0
32289	1
32291	1
32297	0
32306	1
32315	1
32322	1
32325	0
32329	0
32344	0
32350	0
32351	1
32360	1
32379	0
32380	0
32381	1
32386	0
32390	0
32392	0
32402	0
32405	0
32422	1
32424	0
32436	1
32444	1
32449	0
32451	1
32455	1
32463	1
32468	1
32479	1
32480	0
32485	1
32498	0
32502	0
32513	0
32517	1
32518	1
32533	0
32536	1
32537	1
32538	0
32540	1
32541	1
32546	0
32554	1
32562	1
32566	1
32568	1
32571	1
32577	1
32586	1
32587	0
32594	0
32598	1
32600	1
32602	1
32605	1
32615	1
32616	1
32618	1
32619	1
32621	1
32625	0
32626	0
32635	0
32638	1
32653	0
32663	0
32673	0
32677	1
32681	1
32685	1
32686	1
32689	1
32693	0
32699	0
32704	1
32706	0
32708	0
32714	1
32719	0
32720	1
32735	1
32736	1
32741	0
32742	1
32744	1
32749	1
32763	0
32765	1
32771	1
32788	1
32791	0
32792	0
32798	1
32802	1
32803	0
32805	0
32806	1
32814	1
32819	1
32823	0
32824	1
32831	1
32838	1
32849	1
32854	1
32855	0
32859	1
32864	1
32867	1
32870	0
32877	0
32880	0
32884	0
32889	1
32892	0
32894	1
32909	0
32914	0
32915	0
32916	1
32917	1
32923	0
32951	1
32959	1
32962	1
32968	1
32972	0
32977	0
32978	1
32999	1
33001	0
33002	1
33009	1
33011	1
33015	1
33020	1
33024	1
33025	1
33033	0
33037	0
33048	0
33057	1
33062	0
33063	1
33065	1
33075	0
33078	0
33080	1
33085	0
33087	1
33088	0
33094	1
33105	0
33106	0
33109	1
33120	0
33121	1
33127	1
33129	1
33130	1
33134	1
33160	0
33165	1
33166	1
33168	1
33169	1
33171	1
33173	0
33188	1
33189	1
33191	1
33202	0
33207	0
33217	0
33236	0
33238	0
33239	1
33242	0
33256	1
33258	0
33273	1
33290	0
33305	0
33316	1
33318	1
33327	0
33331	1
33341	1
33344	1
33354	1
33357	1
33360	1
33361	1
33364	1
33367	0
33369	1
33373	1
33381	1
33383	0
33388	1
33391	0
33399	1
33404	1
33407	1
33408	1
33412	1
33416	0
33423	1
33424	0
33427	0
33431	0
33437	0
33441	0
33444	1
33445	1
33451	1
33459	1
33462	0
33474	1
33484	1
33485	0
33486	0
33499	1
33500	1
33510	0
33512	0
33514	0
33516	1
33519	0
33522	0
33523	1
33543	0
33545	0
33554	1
33571	1
33575	0
33581	1
33584	1
33613	1
33618	0
33620	0
33621	1
33628	1
33630	1
33633	0
33634	1
33635	1
33653	0
33654	1
33659	0
33660	1
33662	1
33677	0
33682	1
33693	1
33701	1
33713	1
33714	0
33720	0
33727	1
33746	1
33747	0
33756	1
33758	1
33762	1
33764	0
33766	0
33768	0
33780	0
33781	1
33793	0
33803	0
33810	0
33819	1
33829	0
33835	1
33840	1
33849	1
33852	0
33854	1
33855	1
33859	1
33860	0
33867	0
33877	1
33879	0
33896	1
33905	1
33908	0
33909	1
33914	1
33921	0
33938	1
33941	0
33942	0
33957	1
33958	1
33964	1
33965	1
33973	1
33975	1
33981	0
33982	0
33985	1
33987	0
33997	1
34004	1
34008	0
34010	1
34011	0
34013	1
34014	1
34025	1
34027	0
34042	1
34058	0
34064	0
34066	0
34067	1
34073	1
34080	1
34081	0
34087	0
34090	1
34091	1
34095	1
34096	1
34097	1
34099	1
34112	1
34123	1
34125	0
34136	1
34142	1
34151	1
34153	0
34161	0
34165	1
34166	1
34168	1
34173	1
34174	1
34177	1
34183	0
34197	1
34198	0
34216	0
34218	0
34220	1
34233	1
34235	1
34238	0
34241	1
34243	1
34249	0
34252	0
34265	1
34269	1
34276	1
34282	1
34285	1
34286	1
34287	1
34288	1
34290	1
34298	1
34315	0
34319	1
34337	1
34348	1
34357	1
34359	1
34363	0
34364	1
34369	0
34375	0
34377	1
34379	1
34408	0
34409	0
34425	0
34430	0
34433	0
34436	0
34441	0
34451	1
34456	0
34464	1
34466	0
34470	1
34473	1
34474	0
34476	0
34482	0
34490	1
34491	0
34493	1
34495	1
34503	0
34509	0
34510	1
34514	0
34515	1
34521	1
34529	0
34530	1
34533	0
34538	0
34541	1
34543	1
34550	1
34556	1
34560	1
34561	0
34563	1
34564	1
34565	1
34575	1
34580	0
34584	0
34587	0
34597	1
34601	0
34603	1
34607	1
34617	0
34621	1
34630	1
34636	1
34642	1
34643	1
34645	0
34655	0
34660	1
34671	1
34672	1
34674	1
34682	1
34685	1
34692	0
34697	1
34698	0
34714	1
34715	0
34716	0
34729	1
34730	0
34740	1
34746	0
34747	1
34772	1
34776	1
34777	0
34780	1
34789	1
34790	0
34792	1
34797	0
34799	1
34800	0
34801	1
34802	1
34810	0
34819	1
34829	1
34832	0
34834	0
34840	0
34844	0
34845	1
34847	1
34848	1
34859	1
34862	1
34868	1
34871	1
34880	0
34885	0
34898	1
34903	1
34907	1
34958	1
34962	0
34963	1
34969	1
34972	1
34975	1
34988	1
34993	0
34998	0
34999	1
35002	0
35008	1
35015	1
35024	1
35027	1
35029	1
35035	0
35060	0
35065	1
35075	1
35089	1
35093	0
35094	1
35104	1
35122	0
35123	1
35124	1
35130	0
35137	1
35139	1
35140	1
35145	1
35159	1
35175	1
35180	0
35181	1
35189	1
35196	1
35197	1
35201	1
35207	0
35214	0
35215	0
35228	0
35237	0
35238	1
35239	1
35241	0
35243	0
35246	1
35250	0
35251	0
35253	0
35259	0
35274	1
35277	1
35278	1
35285	0
35294	1
35295	1
35310	1
35333	1
35334	0
35335	0
35336	1
35337	0
35343	1
35347	1
35348	0
35350	1
35351	0
35353	0
35355	1
35359	0
35364	1
35370	1
35379	1
35384	0
35387	1
35391	1
35392	0
35396	0
35399	0
35407	1
35412	1
35419	0
35425	1
35427	0
35428	1
35434	1
35436	1
35440	0
35441	1
35442	0
35443	1
35445	1
35454	0
35456	0
35460	0
35461	1
35463	0
35465	0
35468	1
35473	0
35492	0
35500	0
35510	0
35527	0
35529	0
35531	0
35535	0
35536	0
35546	1
35557	1
35572	1
35574	1
35579	0
35583	0
35585	1
