3179
2494
37
2414
3219
3066
3180
2394
2578
369
196
2637
2511
601
3014
3085
2849
2659
2583
3056
2636
3010
74
2633
615
302
385
537
397
256
284
2566
233
2445
603
195
162
2577
3176
463
2629
2881
2424
31
600
3192
2775
2946
266
2832
497
242
3205
2722
200
2691
527
602
558
2543
2663
3310
2990
545
2863
2955
471
54
544
2840
360
2679
289
2372
2653
2373
212
70
618
3296
41
2769
2755
2398
381
390
2356
2976
83
135
2826
450
2701
2767
2454
2447
3039
44
2569
28
2475
2563
368
3181
88
2855
3241
2948
3276
173
532
2967
3318
2338
3147
3081
2658
45
481
430
