2785
3260
2479
2548
108
449
3256
3048
2804
2680
2987
53
329
2752
416
470
364
392
3283
352
2612
200
47
2521
42
2763
2436
143
2732
2945
3126
222
2551
611
2788
2991
2416
591
2863
77
198
3159
3170
180
107
474
163
415
327
566
2424
2807
376
3318
237
2389
3106
521
2760
2702
2486
2944
129
2533
2432
3269
98
2860
266
2538
2709
504
2769
553
2420
3291
120
110
2362
350
2332
3050
297
3155
3135
3074
245
472
587
342
595
3118
273
3289
2667
3258
447
2508
2678
3197
2604
74
3297
311
205
2943
2957
2383
2959
2986
51
37
320
2480
79
3077
3080
2642
2949
2681
