0	1
17	1
18	1
20	0
22	1
32	1
34	0
42	1
58	1
62	1
67	0
75	1
82	1
86	1
93	1
106	1
110	1
117	1
118	1
121	1
124	0
127	1
134	0
137	1
138	1
140	0
149	1
151	1
175	0
181	1
193	0
201	1
203	1
208	1
209	0
212	1
220	1
223	1
227	1
229	1
232	1
237	1
249	1
260	1
263	0
269	1
271	0
272	1
273	1
274	1
286	1
288	1
290	1
292	1
295	1
298	0
300	1
302	0
306	1
311	1
317	1
324	1
327	0
344	1
354	1
357	0
362	1
364	1
368	1
372	1
389	1
397	1
398	0
400	1
401	1
418	1
428	1
431	1
435	1
437	1
438	1
441	0
447	1
465	1
470	1
475	1
478	1
487	1
500	1
502	1
503	0
507	1
508	1
518	0
523	1
526	1
527	1
530	1
534	1
550	1
554	1
556	1
564	0
570	1
575	0
577	1
581	1
601	1
603	0
604	1
607	1
617	1
619	1
626	1
629	1
630	0
633	1
641	1
642	1
655	1
662	0
664	1
666	0
683	1
685	0
694	1
705	1
718	1
721	1
722	1
726	1
732	1
734	0
745	0
747	1
755	0
762	0
764	0
766	0
778	0
787	0
796	0
798	1
817	1
820	1
821	1
826	1
829	1
833	1
846	0
860	1
865	1
872	0
876	1
894	1
900	0
904	0
909	1
910	1
921	1
927	1
929	1
932	1
934	1
937	0
939	0
941	1
943	0
947	1
952	1
960	1
964	0
992	0
993	1
999	0
1006	1
1017	1
1031	1
1037	0
1038	1
1042	1
1057	1
1061	1
1065	1
1076	0
1113	1
1128	1
1132	1
1140	1
1144	1
1155	0
1182	1
1200	1
1215	0
1216	0
1219	0
1221	0
1228	1
1235	1
1247	1
1248	1
1249	1
1255	1
1266	1
1268	1
1275	1
1278	0
1279	1
1308	0
1317	0
1319	1
1329	1
1336	1
1337	1
1342	0
1351	1
1357	1
1361	1
1377	1
1383	0
1393	0
1426	1
1436	1
1449	1
1460	1
1474	1
1478	1
1506	1
1507	1
1518	0
1522	1
1524	0
1537	1
1541	1
1559	1
1567	1
1569	1
1572	1
1582	1
1590	1
1610	1
1613	1
1614	1
1617	1
1630	1
1638	1
1640	1
1642	1
1651	1
1655	1
1666	1
1667	1
1670	1
1675	1
1679	1
1697	0
1700	1
1701	1
1706	0
1708	1
1723	1
1728	0
1733	0
1741	0
1760	1
1765	0
1778	1
1779	0
1782	1
1786	0
1797	1
1800	1
1801	1
1802	1
1804	1
1805	1
1806	0
1810	1
1811	1
1818	1
1832	1
1844	1
1858	0
1861	1
1870	1
1875	0
1877	1
1878	0
1882	1
1908	1
1909	1
1918	1
1928	1
1930	1
1955	1
1963	1
1969	0
1972	1
1982	0
1992	1
2001	1
2007	1
2020	1
2022	1
2023	1
2025	1
2035	1
2048	1
2051	1
2069	1
2092	0
2094	1
2110	1
2112	1
2115	1
2118	1
2120	1
2121	1
2128	1
2129	0
2131	1
2154	1
2155	1
2161	1
2162	1
2165	1
2167	1
2170	1
2177	1
2182	0
2183	1
2185	1
2190	0
2196	1
2198	1
2200	1
2202	1
2208	0
2214	1
2216	1
2219	1
2232	1
2239	1
2242	0
2246	1
2249	1
2257	1
2263	1
2271	1
2276	0
2283	0
2293	1
2308	1
2321	1
2330	1
2336	0
2339	1
2343	1
2348	1
2358	0
2373	1
2380	0
2395	1
2396	1
2400	1
2401	1
2409	0
2410	1
2416	1
2426	1
2429	1
2436	1
2437	1
2448	1
2467	1
2476	1
2485	0
2488	1
2494	0
2499	1
2503	0
2507	1
2511	1
2515	1
2526	1
2527	1
2528	1
2532	1
2533	1
2537	1
2549	1
2558	0
2567	1
2570	1
2571	0
2574	1
2594	1
2604	1
2606	0
2609	0
2611	1
2619	1
2622	1
2630	0
2643	0
2646	1
2654	0
2655	0
2661	1
2673	1
2674	1
2684	1
2696	1
2703	1
2710	1
2713	1
2715	0
2722	1
2727	0
2729	1
2732	1
2737	1
2748	1
2750	1
2756	1
2759	1
2760	1
2766	1
2779	0
2783	1
2794	1
2796	1
2800	1
2806	1
2813	0
2817	1
2820	1
2831	0
2834	1
2843	0
2848	0
2850	1
2852	1
2866	0
2870	1
2877	1
2886	0
2888	0
2905	0
2907	1
2911	0
2916	1
2923	0
2924	1
2925	1
2926	1
2931	0
2935	0
2945	0
2948	0
2949	1
2953	1
2965	1
2970	1
2971	0
2976	1
2977	1
2990	1
2995	1
2996	1
3000	1
3007	1
3010	1
3016	1
3017	1
3020	1
3028	1
3029	1
3033	0
3039	1
3043	1
3046	1
3055	0
3058	1
3064	0
3071	0
3077	1
3079	1
3080	1
3087	1
3089	1
3092	1
3099	0
3103	1
3114	0
3124	1
3131	1
3163	1
3183	1
3206	1
3212	1
3215	0
3222	1
3226	1
3244	1
3259	1
3268	0
3291	1
3295	1
3303	1
3304	1
3314	0
3315	0
3316	1
3317	1
3324	1
3328	0
3346	0
3351	0
3352	0
3357	1
3367	1
3369	1
3371	1
3383	0
3389	1
3395	1
3398	1
3409	1
3416	1
3418	1
3422	1
3428	1
3432	1
3442	1
3444	1
3446	1
3449	0
3451	1
3452	1
3455	1
3458	1
3460	1
3471	1
3474	1
3475	1
3485	1
3498	1
3499	0
3503	1
3510	1
3526	0
3529	0
3530	1
3531	1
3535	0
3543	1
3550	1
3552	1
3555	1
3558	0
3564	1
3569	1
3570	1
3576	1
3581	1
3582	1
3583	1
3602	1
3610	1
3618	1
3621	1
3623	0
3627	1
3629	1
3634	1
3645	1
3651	1
3652	0
3660	1
3663	1
3664	1
3671	1
3676	1
3681	1
3683	0
3684	0
3685	1
3692	1
3712	0
3715	0
3752	1
3757	0
3766	1
3767	0
3775	1
3781	0
3803	0
3805	1
3838	1
3842	1
3844	1
3847	1
3850	1
3870	0
3871	1
3874	1
3875	1
3881	1
3884	1
3892	1
3895	1
3898	1
3900	1
3904	1
3910	1
3914	1
3924	0
3927	1
3935	1
3936	1
3941	1
3964	1
3969	0
3973	1
3978	1
3984	1
4007	1
4020	1
4023	0
4026	1
4038	1
4049	1
4054	1
4059	1
4066	1
4068	1
4073	1
4084	1
4085	1
4092	1
4095	1
4102	1
4108	1
4113	1
4114	0
4118	1
4119	1
4138	1
4140	1
4145	0
4147	1
4156	0
4157	1
4174	1
4197	1
4199	1
4202	0
4214	1
4216	1
4220	0
4223	0
4235	1
4245	1
4250	1
4264	1
4274	1
4296	1
4303	1
4304	1
4321	1
4323	1
4336	1
4337	0
4345	1
4357	1
4360	1
4369	1
4371	1
4373	0
4379	0
4382	1
4383	1
4385	1
4387	1
4388	0
4403	1
4415	0
4419	1
4422	1
4423	1
4424	1
4444	1
4448	1
4449	1
4454	0
4457	1
4465	1
4482	0
4487	1
4500	1
4514	1
4530	1
4540	0
4541	1
4542	1
4548	1
4559	1
4566	1
4569	1
4571	0
4575	1
4581	0
4589	1
4598	0
4609	1
4613	1
4629	1
4632	1
4642	1
4645	0
4647	1
4648	1
4665	1
4667	1
4682	1
4683	1
4693	1
4700	0
4702	1
4708	1
4717	1
4723	1
4726	1
4730	1
4732	1
4734	1
4739	1
4740	1
4741	1
4746	1
4752	0
4759	1
4762	1
4772	1
4775	1
4779	1
4780	1
4785	1
4793	1
4795	1
4814	1
4818	1
4822	1
4832	0
4834	1
4845	0
4855	1
4856	0
4859	1
4869	0
4877	1
4888	1
4891	1
4892	1
4894	1
4897	1
4899	1
4901	1
4905	1
4917	0
4918	1
4922	1
4933	1
4958	1
4966	1
4969	1
4971	1
4990	0
4996	0
5007	1
5019	0
5026	0
5030	1
5035	1
5037	1
5047	1
5050	1
5051	1
5053	1
5055	1
5056	1
5059	1
5074	1
5076	1
5084	0
5086	1
5102	1
5104	0
5118	0
5120	1
5121	1
5127	1
5130	1
5132	1
5133	1
5137	0
5138	1
5142	1
5154	1
5156	1
5159	1
5169	1
5174	1
5176	1
5187	1
5193	0
5201	1
5204	1
5224	0
5225	1
5231	1
5235	0
5237	1
5248	1
5256	1
5267	0
5275	0
5279	1
5286	1
5293	1
5299	0
5302	1
5307	1
5317	1
5328	1
5330	1
5334	1
5335	0
5344	1
5346	1
5348	1
5360	1
5369	1
5378	0
5379	1
5396	1
5403	1
5404	1
5415	0
5427	1
5428	1
5436	1
5446	1
5450	1
5463	1
5477	1
5481	0
5483	0
5490	1
5495	0
5499	0
5501	1
5504	1
5518	1
5520	1
5523	1
5534	1
5539	1
5540	1
5549	1
5558	1
5570	1
5584	1
5592	1
5595	1
5601	0
5604	1
5612	1
5613	1
5622	1
5623	0
5624	1
5640	1
5645	1
5648	1
5652	1
5653	1
5662	0
5668	1
5678	1
5681	1
5688	0
5693	1
5718	0
5719	1
5728	1
5733	0
5737	0
5742	1
5748	1
5755	1
5768	1
5769	1
5772	0
5774	1
5783	0
5802	1
5805	1
5806	1
5809	1
5810	1
5816	1
5820	0
5832	1
5836	0
5839	0
5849	1
5879	1
5886	1
5887	0
5890	1
5899	1
5900	1
5901	1
5904	1
5915	1
5917	1
5928	1
5933	1
5937	1
5942	1
5947	1
5953	0
5963	1
5973	1
5978	0
5982	1
5995	1
5998	1
6001	1
6002	0
6009	1
6013	1
6028	1
6033	1
6049	1
6052	0
6056	0
6058	1
6063	1
6068	1
6072	0
6075	1
6079	0
6090	1
6091	1
6103	1
6122	1
6128	1
6138	1
6141	1
6146	1
6150	1
6157	1
6161	1
6163	0
6172	1
6188	0
6189	1
6194	1
6195	1
6198	1
6201	1
6203	1
6213	1
6215	0
6216	1
6218	1
6226	1
6228	1
6234	0
6236	0
6245	0
6246	1
6250	1
6262	1
6274	0
6278	1
6280	1
6283	1
6284	1
6285	1
6294	0
6312	0
6313	0
6315	1
6320	1
6328	1
6343	1
6344	1
6347	1
6349	0
6350	0
6365	0
6366	1
6368	1
6373	1
6380	1
6383	1
6386	1
6397	1
6413	1
6414	1
6415	1
6428	1
6434	1
6449	0
6455	1
6456	1
6462	1
6464	1
6465	1
6470	1
6471	0
6482	1
6485	1
6486	1
6492	1
6503	1
6510	1
6512	1
6515	1
6519	0
6520	1
6531	1
6537	1
6542	1
6544	1
6553	1
6561	0
6572	1
6580	0
6585	1
6593	1
6594	1
6604	0
6616	1
6621	0
6622	0
6628	0
6640	1
6641	1
6656	1
6664	0
6679	0
6682	1
6693	1
6698	1
6701	1
6706	0
6716	0
6726	0
6729	1
6734	1
6745	0
6747	1
6753	0
6768	0
6772	1
6774	1
6783	1
6785	0
6791	0
6808	1
6813	0
6815	0
6816	0
6819	1
6821	1
6835	0
6843	1
6854	1
6858	1
6862	1
6871	1
6874	0
6878	1
6880	0
6882	1
6885	0
6887	1
6888	0
6896	1
6898	1
6900	1
6901	1
6905	0
6930	1
6942	1
6949	0
6958	1
6963	1
6967	1
6984	1
6989	1
6990	1
6991	1
7000	1
7008	1
7009	1
7010	1
7015	0
7019	1
7026	1
7027	0
7032	1
7034	1
7036	1
7045	1
7049	0
7063	1
7064	0
7078	1
7082	1
7084	1
7085	1
7092	1
7093	0
7096	0
7101	1
7108	1
7113	1
7130	1
7134	1
7136	0
7150	1
7155	1
7177	1
7183	1
7185	1
7187	0
7198	1
7200	1
7207	1
7211	1
7214	0
7219	1
7245	1
7246	0
7256	1
7257	1
7265	1
7272	0
7278	1
7283	0
7286	1
7287	1
7295	1
7298	1
7299	1
7302	1
7309	1
7318	1
7327	1
7335	1
7341	1
7342	1
7343	1
7352	0
7355	1
7362	1
7368	1
7370	1
7373	0
7384	1
7397	1
7399	1
7400	1
7415	1
7417	1
7419	1
7423	1
7425	1
7437	0
7438	0
7441	1
7463	1
7470	1
7477	0
7485	1
7487	1
7488	1
7490	0
7495	1
7502	1
7505	1
7510	1
7531	1
7540	0
7542	0
7554	1
7559	1
7568	1
7579	0
7582	1
7599	0
7603	1
7627	1
7634	1
7645	1
7648	1
7674	1
7679	1
7691	1
7692	1
7698	1
7701	1
7702	0
7709	1
7710	1
7717	0
7718	0
7719	0
7721	1
7725	1
7737	1
7748	1
7761	1
7769	1
7780	1
7789	0
7793	1
7797	1
7810	1
7818	1
7820	1
7829	1
7845	1
7859	1
7867	1
7877	1
7878	1
7881	1
7888	0
7892	1
7898	1
7902	1
7910	1
7912	1
7913	1
7918	1
7920	1
7924	1
7928	1
7935	1
7938	1
7944	1
7945	1
7946	1
7948	0
7956	1
7970	1
7972	1
7986	1
7987	1
7990	1
7992	1
7997	0
8000	1
8002	1
8006	1
8010	1
8017	1
8020	1
8023	1
8024	1
8027	1
8037	1
8038	1
8041	0
8045	1
8050	1
8056	1
8058	0
8064	1
8066	1
8068	1
8084	0
8085	0
8100	1
8117	1
8121	1
8131	0
8138	0
8155	1
8162	1
8163	1
8165	1
8167	1
8172	1
8177	0
8181	0
8182	1
8195	1
8204	1
8205	1
8210	1
8227	0
8228	1
8237	1
8239	1
8241	0
8249	1
8251	0
8261	0
8265	0
8267	0
8269	1
8272	1
8277	1
8281	0
8293	1
8298	0
8299	1
8301	0
8312	1
8316	1
8325	1
8346	1
8354	1
8367	1
8370	1
8374	1
8376	1
8382	1
8386	1
8387	1
8408	1
8410	1
8416	1
8430	0
8431	0
8434	0
8435	1
8453	1
8456	1
8458	1
8459	1
8462	1
8465	1
8468	0
8478	1
8481	1
8492	0
8496	1
8499	1
8500	1
8501	1
8515	1
8522	1
8528	1
8535	1
8540	1
8546	1
8555	0
8571	0
8572	1
8580	0
8584	0
8589	0
8595	1
8598	0
8609	1
8612	1
8614	1
8619	1
8630	0
8633	1
8637	1
8639	1
8643	0
8652	1
8663	1
8666	0
8675	1
8681	1
8685	1
8686	1
8688	1
8702	1
8707	1
8718	0
8744	1
8749	0
8753	1
8757	0
8758	1
8762	1
8765	1
8776	1
8779	1
8788	1
8800	1
8814	1
8833	1
8846	1
8848	1
8851	1
8855	1
8856	1
8866	1
8871	1
8888	1
8893	0
8894	0
8911	1
8924	1
8931	0
8934	1
8949	1
8953	0
8954	1
8960	1
8961	0
8965	0
8966	1
8967	1
8977	0
8984	1
8994	0
8997	1
8998	1
9008	0
9010	1
9011	1
9019	1
9020	0
9026	1
9044	1
9051	1
9055	1
9078	1
9079	1
9081	1
9089	1
9093	1
9094	1
9099	1
9110	1
9112	1
9118	0
9122	0
9124	1
9134	1
9148	1
9151	1
9152	0
9168	1
9170	0
9186	0
9189	1
9209	1
9220	1
9221	1
9231	0
9242	1
9244	1
9246	1
9255	1
9261	1
9272	1
9282	1
9284	1
9285	1
9289	1
9319	1
9326	1
9335	1
9338	1
9343	1
9344	0
9347	1
9366	1
9368	1
9374	1
9383	1
9386	1
9401	0
9405	1
9412	1
9426	1
9435	1
9437	0
9461	1
9464	1
9465	1
9470	1
9473	1
9474	0
9483	1
9497	1
9510	0
9514	0
9517	0
9526	1
9534	1
9536	1
9540	1
9548	1
9553	1
9556	1
9560	1
9563	0
9573	1
9574	1
9579	0
9580	1
9581	0
9582	1
9583	0
9599	1
9601	1
9605	1
9647	1
9655	0
9660	1
9670	1
9671	1
9674	1
9675	1
9682	1
9685	1
9686	0
9692	1
9695	1
9706	1
9714	1
9715	1
9719	1
9723	0
9733	1
9735	1
9744	1
9746	1
9783	0
9788	1
9792	1
9796	1
9805	0
9807	1
9810	0
9811	1
9819	1
9825	0
9827	1
9829	0
9830	1
9835	1
9840	1
9845	1
9851	0
9854	1
9858	1
9863	0
9867	1
9868	0
9887	1
9893	1
9896	0
9912	1
9918	0
9925	1
9933	1
9939	0
9951	1
9955	1
9966	1
9974	0
9998	0
10001	1
10013	1
10019	1
10024	0
10026	0
10046	1
10048	1
10049	1
10059	1
10060	1
10063	1
10081	1
10082	1
10090	1
10094	0
10096	0
10097	1
10101	1
10122	1
10137	1
10142	1
10145	0
10148	0
10156	1
10157	1
10161	1
10165	1
10184	1
10189	1
10198	1
10204	1
10217	1
10220	1
10231	1
10237	1
10261	0
10275	0
10278	0
10280	1
10284	0
10287	0
10294	1
10295	1
10298	1
10305	0
10306	0
10307	0
10313	1
10314	1
10323	1
10331	0
10333	1
10355	1
10356	1
10362	1
10371	0
10375	1
10395	1
10396	1
10403	1
10406	1
10413	1
10415	1
10420	0
10450	0
10453	1
10458	1
10462	1
10464	1
10474	1
10475	1
10480	1
10484	0
10486	0
10496	1
10498	1
10510	1
10512	0
10521	1
10525	1
10535	1
10536	1
10537	1
10540	0
10542	0
10546	1
10565	1
10569	1
10581	1
10585	0
10597	0
10600	1
10617	0
10627	1
10629	1
10631	0
10636	0
10639	1
10646	1
10651	1
10663	1
10669	1
10671	1
10680	1
10687	1
10692	1
10695	1
10700	1
10705	0
10707	0
10708	0
10711	1
10721	1
10726	1
10727	1
10729	0
10739	1
10740	1
10746	1
10750	0
10755	1
10757	0
10767	0
10771	1
10786	1
10788	1
10801	1
10802	0
10803	1
10811	0
10821	0
10822	1
10823	1
10830	1
10836	1
10861	1
10872	1
10874	1
10885	1
10888	1
10897	1
10899	0
10911	1
10916	1
10917	1
10918	1
10923	1
10930	0
10936	1
10937	1
10940	1
10950	1
10958	1
10960	1
10966	1
10969	1
10974	1
10985	0
10994	1
10999	1
11011	0
11023	1
11025	1
11054	1
11055	1
11062	1
11070	1
11077	1
11087	1
11088	1
11105	1
11109	1
11111	1
11116	0
11127	1
11130	1
11135	1
11136	1
11142	0
11144	0
11145	0
11154	0
11157	0
11162	1
11163	0
11165	1
11167	1
11182	1
11189	1
11199	0
11200	0
11201	0
11202	0
11242	1
11250	1
11254	1
11256	1
11260	0
11262	0
11271	1
11277	0
11279	1
11288	1
11305	1
11306	1
11325	1
11332	1
11338	0
11340	1
11342	1
11350	0
11352	1
11356	1
11360	1
11378	1
11398	1
11400	0
11408	0
11420	0
11423	1
11427	0
11431	1
11439	0
11440	1
11444	1
11450	1
11459	1
11463	1
11464	0
11466	1
11468	1
11474	1
11475	1
11478	1
11479	1
11502	1
11503	1
11518	1
11528	1
11536	1
11538	1
11558	1
11559	0
11563	1
11570	1
11573	1
11575	1
11585	0
11586	1
11589	0
11592	1
11598	1
11605	1
11609	0
11618	0
11627	1
11635	1
11638	1
11645	1
11649	0
11651	0
11655	1
11658	1
11663	1
11664	0
11673	1
11675	1
11676	0
11685	1
11691	0
11720	1
11723	1
11731	0
11738	1
11743	1
11744	1
11747	1
11755	0
11756	1
11761	1
11765	1
11772	1
11774	1
11780	1
11782	1
11792	1
11793	1
11811	1
11816	1
11825	0
11830	1
11831	0
11832	0
11834	1
11843	1
11856	1
11868	1
11869	1
11877	1
11878	1
11883	1
11887	1
11896	1
11897	1
11899	1
11906	1
11910	1
11913	0
11916	1
11922	0
11925	1
11935	1
11938	0
11941	1
11942	1
11944	0
11954	0
11964	1
11965	1
11966	1
11974	1
11977	1
11982	1
11985	1
11991	1
11995	1
11996	1
12000	1
12004	0
12011	0
12021	1
12022	1
12025	1
12026	0
12032	1
12034	1
12039	0
12043	0
12048	1
12051	1
12077	1
12083	0
12088	0
12102	1
12118	1
12129	1
12143	0
12147	1
12151	1
12157	1
12158	0
12161	0
12167	1
12188	1
12194	1
12201	1
12203	0
12208	1
12216	0
12225	1
12226	0
12230	0
12232	1
12237	0
12247	1
12255	1
12260	1
12267	0
12288	1
12294	1
12296	1
12298	1
12312	1
12315	1
12320	0
12322	1
12333	1
12343	1
12353	0
12358	0
12359	0
12360	1
12363	1
12370	1
12374	1
12390	1
12391	1
12399	1
12403	0
12411	1
12425	1
12430	0
12434	1
12439	0
12448	1
12459	0
12470	1
12486	1
12489	0
12505	1
12507	0
12511	0
12528	0
12536	1
12537	1
12542	0
12544	0
12548	0
12549	1
12550	1
12556	1
12558	1
12572	0
12575	1
12577	0
12579	1
12582	1
12587	1
12592	1
12593	1
12605	1
12607	1
12609	1
12631	1
12633	1
12645	1
12648	1
12651	1
12665	0
12672	0
12678	1
12693	1
12696	0
12703	1
12723	1
12731	0
12734	1
12735	1
12736	1
12738	0
12740	1
12745	0
12746	0
12748	1
12758	1
12778	1
12779	0
12780	1
12784	1
12788	0
12798	1
12800	1
12820	0
12825	1
12844	1
12847	1
12860	1
12867	0
12880	1
12882	1
12890	1
12899	1
12908	1
12911	1
12916	0
12919	1
12931	1
12938	0
12951	1
12959	1
12963	1
12972	1
12978	1
12981	1
12982	1
12985	0
12990	1
12999	1
13010	0
13012	1
13014	1
13028	1
13044	1
13058	1
13062	1
13079	1
13082	1
13098	0
13101	0
13107	1
13109	0
13111	0
13119	1
13121	1
13137	0
13145	0
13146	1
13151	1
13161	1
13166	1
13171	1
13173	1
13187	1
13192	1
13198	1
13199	0
13200	1
13209	0
13213	1
13232	1
13234	1
13235	1
13236	1
13238	1
13255	0
13274	1
13278	0
13289	1
13297	1
13298	0
13314	1
13319	0
13331	1
13342	1
13343	1
13347	1
13357	0
13363	1
13375	1
13377	1
13378	0
13385	1
13398	1
13407	1
13410	0
13415	0
13416	1
13417	1
13424	0
13430	1
13436	0
13438	1
13442	1
13445	1
13449	1
13452	1
13473	1
13476	0
13486	1
13490	0
13509	1
13511	1
13522	1
13527	0
13531	1
13533	1
13538	0
13558	1
13572	1
13577	1
13582	1
13584	1
13586	1
13587	1
13618	1
13619	1
13626	1
13627	1
13636	1
13639	0
13644	0
13645	1
13647	1
13655	0
13663	0
13675	1
13687	1
13692	1
13696	1
13699	0
13718	0
13719	0
13727	1
13732	1
13733	1
13739	0
13742	0
13744	1
13748	1
13766	1
13775	1
13776	0
13781	1
13788	1
13790	1
13797	1
13798	0
13809	1
13827	1
13831	1
13837	1
13838	1
13846	0
13849	1
13856	0
13861	1
13862	1
13863	1
13878	1
13880	1
13885	1
13889	0
13894	1
13898	0
13905	1
13911	0
13912	0
13914	0
13922	1
13927	1
13928	1
13934	1
13936	1
13941	1
13948	1
13949	1
13952	0
13959	1
13964	0
13972	1
13987	1
14002	1
14018	1
14020	1
14021	1
14022	1
14024	1
14027	1
14031	1
14037	1
14041	1
14045	1
14047	1
14048	0
14052	1
14055	1
14058	0
14062	1
14065	1
14073	1
14079	1
14081	1
14089	0
14099	1
14125	0
14128	1
14129	1
14144	0
14148	0
14149	0
14152	1
14162	1
14167	1
14173	0
14177	1
14181	1
14185	1
14186	0
14192	1
14197	1
14199	1
14201	0
14206	0
14209	0
14213	1
14214	1
14221	1
14228	0
14241	1
14243	1
14245	1
14249	1
14253	0
14270	1
14275	1
14279	1
14288	1
14297	0
14304	1
14316	0
14320	1
14325	1
14328	1
14335	1
14338	1
14364	1
14382	0
14384	1
14399	1
14413	1
14421	0
14430	1
14434	0
14442	1
14454	1
14463	0
14468	1
14474	0
14478	1
14481	1
14486	1
14487	1
14521	1
14525	1
14528	1
14534	1
14537	1
14539	1
14543	1
14544	1
14545	1
14562	1
14593	1
14607	1
14612	1
14623	0
14630	1
14631	1
14635	1
14643	1
14646	1
14649	1
14657	1
14665	0
14666	1
14671	1
14672	1
14677	0
14678	0
14686	1
14693	0
14700	1
14703	0
14709	1
14710	1
14713	0
14714	1
14720	1
14723	1
14724	1
14736	1
14739	1
14741	1
14745	1
14746	0
14757	0
14770	0
14771	1
14792	0
14819	1
14822	0
14829	0
14837	0
14839	1
14852	0
14861	1
14862	1
14863	1
14865	1
14868	1
14879	1
14893	1
14907	0
14910	1
14914	1
14931	1
14941	0
14945	0
14947	0
14948	1
14958	1
14965	1
14976	1
14979	1
14983	0
14991	1
15010	1
15013	0
15016	0
15024	1
15037	0
15040	1
15050	1
15053	0
15055	0
15062	1
15064	1
15069	1
15088	1
15093	1
15104	1
15117	0
15144	1
15145	1
15150	1
15161	1
15164	1
15172	1
15176	1
15194	1
15195	1
15198	1
15199	0
15201	1
15205	0
15219	1
15225	1
15229	0
15231	0
15236	1
15242	0
15244	1
15247	0
15250	1
15251	1
15253	0
15254	1
15258	0
15265	0
15273	1
15276	1
15278	1
15291	0
15293	1
15297	1
15328	1
15343	1
15344	1
15350	1
15352	0
15355	1
15363	1
15370	1
15373	1
15376	1
15382	0
15386	1
15402	1
15409	0
15413	1
15423	1
15446	1
15455	1
15456	1
15457	0
15460	1
15463	1
15468	0
15472	1
15473	1
15474	1
15476	1
15482	1
15505	1
15507	0
15510	0
15515	0
15518	1
15524	0
15541	1
15542	0
15544	1
15545	1
15555	0
15556	1
15561	0
15572	1
15577	0
15585	1
15592	1
15594	1
15598	1
15609	1
15611	1
15612	1
15623	1
15624	1
15628	0
15634	1
15639	1
15646	0
15663	1
15664	1
15668	1
15677	1
15695	1
15698	1
15700	1
15706	1
15713	0
15716	1
15717	1
15749	0
15754	1
15756	0
15757	1
15772	0
15774	1
15780	0
15781	1
15784	0
15789	0
15796	0
15799	1
15814	1
15823	1
15828	1
15834	0
15843	0
15844	1
15849	1
15856	1
15857	0
15865	0
15888	1
15891	1
15896	1
15898	1
15899	0
15907	1
15910	1
15913	1
15917	0
15921	1
15930	1
15940	0
15942	0
15946	0
15947	1
15954	1
15960	1
15962	1
15976	0
15989	1
15998	1
16000	1
16001	1
16002	1
16011	1
16017	1
16020	1
16023	1
16028	0
16031	1
16034	1
16042	0
16050	1
16056	0
16061	0
16079	1
16083	0
16093	0
16095	1
16108	1
16112	1
16116	0
16120	1
16124	1
16137	1
16141	1
16143	1
16152	1
16155	0
16156	0
16159	0
16162	1
16181	0
16184	1
16185	0
16198	1
16207	1
16226	1
16229	1
16233	1
16238	1
16245	1
16246	1
16249	1
16258	1
16260	1
16262	1
16269	0
16273	0
16278	0
16280	1
16288	1
16291	1
16302	1
16318	1
16322	1
16326	1
16332	1
16343	1
16360	0
16364	1
16367	1
16369	1
16373	1
16375	1
16376	0
16379	0
16385	1
16412	1
16414	1
16425	1
16431	1
16433	1
16445	1
16449	1
16459	0
16462	0
16463	1
16466	0
16480	1
16483	0
16486	0
16493	1
16498	1
16501	1
16506	0
16507	1
16515	1
16516	0
16521	0
16528	1
16533	0
16535	1
16546	0
16571	1
16574	1
16588	0
16591	0
16593	1
16596	0
16610	1
16616	1
16628	1
16632	1
16635	1
16637	0
16644	1
16647	0
16648	1
16654	1
16659	1
16662	1
16674	1
16678	1
16680	1
16697	1
16705	1
16715	1
16718	0
16724	0
16727	1
16738	0
16740	1
16768	1
16773	1
16776	1
16777	1
16785	1
16791	0
16792	1
16795	1
16814	1
16819	1
16821	1
16824	1
16849	0
16851	1
16865	0
16871	0
16874	1
16884	1
16885	1
16904	1
16905	1
16914	0
16920	1
16923	1
16924	1
16927	1
16931	1
16932	1
16933	1
16935	1
16945	1
16953	1
16954	1
16955	0
16956	1
16960	0
16962	1
16967	1
16968	1
16969	1
16970	1
16974	0
16977	1
16978	1
16979	0
16983	0
16989	1
17009	1
17018	0
17032	0
17033	1
17039	1
17050	0
17061	0
17068	1
17078	1
17081	1
17088	1
17089	1
17091	1
17099	1
17118	1
17121	1
17122	0
17135	0
17150	1
17153	1
17155	1
17172	1
17179	1
17180	0
17186	1
17187	1
17192	1
17197	1
17202	1
17218	1
17223	1
17224	1
17245	1
17255	1
17258	1
17262	1
17272	0
17274	0
17277	1
17284	0
17287	0
17293	0
17295	0
17299	1
17306	1
17309	1
17314	1
17322	1
17334	1
17337	0
17351	1
17356	1
17358	0
17366	1
17371	1
17374	0
17376	1
17379	0
17386	1
17388	1
17399	1
17407	1
17411	1
17416	1
17417	1
17427	1
17434	0
17435	0
17437	1
17439	0
17455	0
17459	0
17462	0
17463	1
17467	1
17472	0
17476	1
17479	1
17481	0
17488	1
17489	1
17503	0
17510	1
17512	0
17519	0
17520	1
17525	1
17528	1
17533	1
17539	1
17545	1
17567	1
17570	1
17574	1
17582	1
17583	0
17602	1
17610	0
17618	1
17620	1
17630	1
17634	0
17640	0
17648	1
17653	1
17655	0
17660	0
17675	0
17678	0
17680	0
17692	0
17701	1
17702	1
17703	0
17704	1
17706	1
17708	0
17717	1
17730	1
17735	1
17740	1
17753	1
17757	1
17759	1
17762	0
17769	0
17776	0
17794	1
17803	1
17813	0
17816	1
17820	1
17822	1
17823	0
17825	1
17830	0
17843	1
17869	1
17870	1
17876	1
17877	1
17880	1
17907	0
17908	1
17910	1
17916	1
17931	1
17937	1
17940	0
17941	1
17945	0
17952	0
17960	1
17962	1
17989	1
18005	0
18009	0
18013	1
18015	1
18018	1
18022	1
18024	0
18032	1
18042	1
18044	1
18054	1
18056	1
18072	1
18075	1
18076	1
18082	0
18092	1
18097	1
18101	1
18102	1
18105	1
18111	1
18114	1
18118	1
18122	1
18126	1
18128	0
18129	0
18130	0
18133	1
18139	1
18142	1
18148	1
18155	1
18169	1
18172	1
18174	1
18184	0
18192	0
18193	1
18205	1
18209	1
18214	1
18223	0
18227	1
18240	1
18242	1
18245	1
18249	1
18250	1
18253	0
18257	1
18263	1
18272	1
18289	1
18293	1
18296	1
18303	1
18314	0
18317	1
18320	1
18321	1
18322	1
18323	1
18324	1
18330	0
18342	0
18345	1
18353	1
18369	1
18374	1
18377	1
18381	1
18383	1
18389	0
18392	1
18409	0
18431	1
18438	1
18440	1
18447	0
18449	1
18450	1
18457	0
18459	0
18462	1
18473	1
18483	0
18489	0
18497	1
18503	0
18508	1
18511	1
18515	1
18524	1
18527	1
18529	1
18532	1
18543	0
18546	1
18554	1
18556	1
18561	1
18562	0
18575	1
18583	0
18609	1
18614	0
18615	1
18619	0
18625	1
18630	1
18634	1
18640	1
18643	1
18646	1
18657	1
18675	1
18687	0
18688	1
18695	1
18698	1
18708	1
18716	1
18717	1
18728	1
18730	1
18732	1
18735	1
18747	1
18758	1
18762	1
18765	1
18768	1
18771	0
18780	1
18782	1
18802	1
18803	0
18809	1
18815	0
18818	1
18820	0
18822	1
18825	1
18840	1
18843	1
18852	1
18853	1
18859	1
18863	1
18872	1
18878	0
18879	1
18894	1
18899	0
18905	0
18909	1
18913	1
18914	0
18923	0
18929	1
18930	1
18947	1
18959	1
18968	1
18969	0
18983	1
18985	1
18986	1
18992	1
18995	1
18996	1
19000	0
19005	0
19010	1
19019	0
19026	1
19031	1
19032	1
19039	1
19051	1
19058	1
19079	1
19085	1
19086	1
19090	1
19091	1
19100	1
19104	1
19108	0
19115	1
19116	0
19117	1
19120	1
19127	1
19128	1
19129	1
19140	1
19141	0
19150	1
19163	1
19170	1
19176	1
19177	1
19183	1
19203	1
19204	1
19212	1
19216	1
19224	1
19225	1
19227	1
19233	1
19237	0
19242	1
19246	0
19254	0
19268	1
19269	0
19270	0
19277	1
19278	1
19281	1
19282	0
19296	1
19297	0
19302	1
19313	1
19314	1
19319	1
19326	1
19334	1
19343	1
19360	1
19361	1
19371	1
19378	0
19380	1
19381	1
19382	1
19385	1
19387	0
19392	1
19396	1
19398	1
19405	1
19408	1
19416	1
19417	1
19418	1
19431	1
19454	1
19470	1
19474	0
19477	1
19478	0
19489	1
19490	0
19503	0
19514	0
19516	1
19517	1
19526	1
19540	1
19549	1
19551	1
19553	1
19561	0
19570	1
19574	1
19585	0
19588	1
19594	1
19612	0
19623	1
19624	1
19632	1
19635	1
19638	1
19641	1
19642	1
19648	1
19651	0
19669	1
19680	1
19682	1
19685	1
19702	1
19704	1
19706	1
19713	1
19722	1
19728	1
19734	1
19741	1
19747	0
19758	1
19762	1
19792	1
19793	0
19800	0
19802	1
19804	0
19813	1
19817	1
19818	0
19819	1
19843	1
19857	1
19884	1
19891	1
19900	1
19903	0
19906	0
19915	1
19927	1
19936	1
19939	1
19941	1
19946	1
19950	1
19952	0
19961	1
19964	1
19976	1
19979	0
19982	1
19990	1
19998	1
19999	1
20005	0
20008	1
20009	1
20016	1
20022	1
20032	1
20043	1
20049	1
20060	1
20070	1
20071	1
20074	1
20078	1
20079	0
20083	1
20086	1
20088	0
20093	1
20127	1
20130	1
20145	1
20147	0
20153	1
20156	0
20161	1
20162	1
20163	1
20167	1
20169	1
20182	0
20188	1
20194	1
20196	0
20199	0
20227	0
20236	0
20243	1
20244	1
20250	0
20255	1
20258	0
20265	1
20271	1
20276	0
20278	1
20284	1
20288	0
20289	0
20294	1
20297	0
20315	1
20316	1
20320	1
20325	0
20327	0
20335	1
20345	1
20349	1
20366	1
20367	1
20373	1
20385	1
20396	1
20397	1
20405	1
20409	1
20434	1
20450	0
20458	1
20461	0
20472	1
20474	1
20490	1
20493	1
20495	1
20503	1
20504	0
20516	1
20521	1
20534	0
20543	1
20544	1
20547	1
20548	1
20554	1
20559	1
20573	1
20594	1
20595	1
20600	1
20605	1
20624	0
20626	1
20641	0
20648	1
20653	1
20661	1
20667	0
20668	1
20682	1
20687	1
20709	1
20719	0
20721	1
20731	0
20735	0
20748	1
20751	0
20769	1
20776	1
20778	0
20788	1
20793	1
20805	1
20808	1
20812	1
20816	1
20830	1
20835	1
20851	1
20855	0
20861	0
20871	1
20899	0
20913	1
20918	1
20921	1
20935	1
20945	1
20954	0
20960	0
20962	1
20974	1
20980	1
20996	1
21002	0
21007	1
21022	1
21032	0
21037	1
21043	1
21057	1
21058	1
21065	1
21078	1
21084	0
21085	1
21087	0
21088	1
21091	1
21098	1
21109	1
21114	1
21116	1
21118	0
21119	1
21134	1
21163	1
21172	1
21173	1
21175	1
21198	1
21201	1
21202	0
21207	1
21209	0
21214	1
21220	0
21223	0
21237	1
21258	0
21260	0
21262	0
21267	1
21271	1
21282	0
21289	1
21311	1
21316	0
21319	1
21320	1
21333	1
21348	1
21354	1
21358	1
21359	1
21361	1
21362	1
21364	1
21368	1
21377	1
21381	1
21382	0
21385	1
21387	1
21399	1
21401	1
21425	0
21427	1
21428	1
21436	0
21438	1
21439	1
21440	0
21445	0
21449	1
21454	0
21457	1
21460	1
21465	1
21469	1
21470	1
21487	1
21493	0
21501	0
21503	1
21504	1
21506	0
21521	1
21526	1
21531	1
21537	1
21547	0
21560	1
21564	0
21565	1
21578	1
21580	1
21591	1
21593	1
21594	1
21595	1
21597	0
21602	1
21606	1
21618	0
21619	1
21624	1
21627	0
21631	1
21632	1
21634	1
21639	1
21645	1
21647	1
21648	1
21649	1
21652	1
21659	1
21675	1
21676	1
21693	1
21701	0
21712	1
21734	1
21735	0
21736	0
21739	0
21741	0
21765	0
21780	1
21784	1
21793	1
21794	1
21797	1
21807	1
21820	1
21821	0
21842	0
21843	1
21850	0
21855	0
21857	1
21862	1
21863	0
21866	0
21867	1
21875	0
21879	1
21886	1
21889	1
21897	0
21898	1
21912	1
21917	1
21919	1
21929	1
21930	1
21931	0
21940	1
21941	0
21958	0
21968	1
21969	1
21971	1
21975	1
21991	0
21994	1
22000	1
22001	1
22003	1
22008	1
22009	0
22011	0
22014	1
22018	0
22019	1
22023	0
22025	1
22026	0
22037	1
22052	0
22064	0
22066	1
22067	1
22072	1
22082	0
22091	1
22110	1
22111	1
22120	1
22121	0
22131	0
22153	1
22157	1
22161	0
22171	1
22177	1
22178	1
22184	0
22194	0
22206	1
22207	0
22208	1
22217	1
22226	0
22228	0
22237	1
22241	1
22242	0
22246	0
22260	1
22269	0
22277	1
22279	1
22286	0
22288	0
22289	1
22297	1
22322	1
22328	1
22334	0
22335	1
22340	1
22341	1
22351	1
22362	1
22370	1
22372	1
22373	0
22388	1
22389	0
22396	0
22399	1
22417	1
22435	1
22437	1
22441	1
22443	0
22447	1
22473	1
22485	1
22491	1
22493	1
22494	0
22496	0
22500	1
22515	1
22527	0
22537	1
22540	1
22553	1
22568	1
22569	0
22571	1
22574	1
22580	1
22592	1
22597	1
22600	1
22603	0
22608	0
22615	1
22617	1
22629	0
22642	1
22660	0
22670	1
22693	1
22695	1
22697	1
22698	1
22699	1
22701	1
22709	0
22716	0
22733	1
22739	1
22756	0
22761	1
22765	1
22776	1
22777	1
22782	1
22785	0
22793	0
22798	0
22807	1
22810	1
22814	1
22822	0
22840	0
22843	1
22844	1
22847	1
22849	1
22854	1
22855	1
22866	1
22882	0
22888	1
22891	1
22892	1
22894	1
22903	1
22912	0
22915	1
22929	1
22936	1
22940	0
22945	1
22954	1
22963	1
22965	1
22969	1
22971	1
22989	0
22995	1
23012	1
23014	1
23018	1
23024	1
23026	1
23028	1
23031	1
23037	1
23043	0
23045	1
23065	1
23069	1
23070	1
23076	0
23084	1
23086	0
23090	1
23092	0
23094	0
23095	1
23096	1
23098	0
23104	1
23105	1
23107	1
23116	1
23121	1
23123	0
23131	0
23132	1
23133	1
23135	1
23137	0
23138	1
23139	1
23154	1
23156	0
23173	1
23176	1
23196	1
23212	1
23215	0
23221	0
23227	0
23229	1
23240	1
23244	1
23250	0
23254	1
23278	1
23280	1
23299	1
23300	0
23301	1
23305	1
23316	1
23320	1
23321	0
23339	0
23362	0
23369	1
23370	1
23379	1
23387	1
23391	1
23395	1
23400	1
23404	1
23416	1
23418	1
23419	0
23422	0
23424	1
23436	1
23443	1
23444	0
23453	1
23464	1
23467	1
23478	1
23488	1
23501	1
23507	0
23508	1
23524	1
23526	1
23527	1
23530	0
23533	1
23553	1
23567	1
23569	1
23574	1
23582	1
23587	1
23588	0
23591	1
23594	1
23604	1
23606	1
23607	1
23638	1
23642	1
23648	1
23653	1
23654	0
23659	0
23664	0
23674	0
23676	1
23677	1
23678	0
23680	1
23683	0
23685	1
23698	1
23706	1
23718	1
23721	1
23728	1
23733	1
23748	0
23752	0
23754	1
23759	1
23769	1
23770	0
23772	0
23795	1
23796	1
23797	0
23811	1
23840	0
23848	1
23849	1
23852	1
23857	1
23872	1
23876	0
23882	0
23886	1
23892	1
23900	0
23912	1
23915	1
23925	0
23931	1
23945	1
23947	0
23951	0
23952	1
23956	1
23962	1
23964	1
23968	1
23969	1
23974	1
23980	1
23981	0
23982	1
23988	1
23989	0
23994	1
23996	1
24000	0
24006	0
24008	1
24011	0
24035	1
24044	1
24046	0
24052	1
24061	1
24067	1
24068	0
24081	1
24083	1
24087	0
24088	1
24096	1
24099	1
24100	1
24101	1
24106	1
24109	1
24114	1
24122	0
24136	1
24155	1
24160	0
24162	1
24170	0
24177	0
