2915
2707
300
2754
251
424
471
74
548
2917
347
2986
3112
418
2312
3185
278
2681
3074
206
2923
618
2848
466
156
2558
375
121
201
319
2811
3247
2639
2987
285
2845
2926
2428
3037
3032
2603
409
310
59
167
53
3200
2688
472
7
3197
3221
2667
2952
3209
3244
437
2723
3084
2965
2858
2841
2751
76
114
2468
122
2619
3072
3105
2522
2937
198
2629
590
210
3288
3251
3311
328
3146
3134
2958
2810
262
152
10
3135
2699
3174
3164
90
489
490
3038
332
434
2554
2809
2556
3043
2997
95
3263
457
69
36
587
3317
2954
3104
112
2633
492
2530
3265
98
84
2324
239
