2578
154
1918
2062
616
102
260
414
2666
1896
278
1771
443
2257
203
354
2414
2295
2178
2153
2105
174
1787
270
1767
2431
2086
495
2378
542
2555
2448
2185
2296
109
2625
215
2206
1764
96
2276
77
1732
608
1758
2596
2192
1837
1871
2275
396
87
358
564
106
1816
262
1721
508
2655
550
1788
600
1744
2194
274
1912
2318
461
47
2430
1800
98
1998
5
2579
56
2416
442
192
286
474
504
2145
2017
2524
1738
112
1812
2446
126
220
309
629
2099
2636
573
1848
330
545
604
307
2322
1907
565
42
539
324
1978
2502
2549
93
1880
470
9
170
198
32
271
525
408
2328
2408
2646
280
2058
1972
1776
344
67
298
452
2269
73
2118
2526
2357
2174
349
2575
