526
2141
2070
2062
2291
283
2086
63
2396
448
1913
2618
589
2173
621
79
2324
2681
2046
117
2388
174
2431
2394
2451
2646
2349
2525
92
2637
135
2017
130
1806
1930
357
632
302
2453
2258
35
2517
171
1888
415
410
201
56
181
1971
2319
475
339
471
1779
2640
119
2071
2489
2080
151
1805
2203
1789
104
261
2303
2612
612
1756
1991
1845
115
2194
170
1776
2161
2156
580
613
586
2464
2526
2532
604
543
2087
2457
145
2236
1976
2528
1966
2022
2154
2191
491
1879
2163
50
2697
2689
504
437
2233
1837
1748
2615
265
2201
340
2369
1848
2557
2455
2088
603
558
152
2144
1850
1898
584
465
1954
1822
2359
33
2339
1767
199
2479
2472
87
406
449
2698
2215
2020
2510
